# This is a final TEA output file with calculated abundances (mixing fractions) for all listed species.
# Units: pressure (bar), temperature (K), abundance (unitless).

#SPECIES
H_g He_ref C_g N_g O_g S_g H2_ref CO_g CO2_g CH4_g H2O_g HCN_g C2H2_g C2H4_g N2_ref NH3_g HS_g H2S_g 

#TEADATA
#Pressure  Temp    H_g        He_ref     C_g        N_g        O_g        S_g        H2_ref     CO_g       CO2_g      CH4_g      H2O_g      HCN_g      C2H2_g     C2H4_g     N2_ref     NH3_g      HS_g       H2S_g      
1.0000e+02 2948.30 1.2341e-02 1.4449e-01 2.9165e-10 7.3220e-09 1.6147e-08 4.1598e-07 8.4225e-01 4.5127e-04 2.8293e-08 4.3592e-06 3.8013e-04 1.1769e-06 4.5738e-08 6.6534e-10 5.4683e-05 4.2250e-06 5.2190e-06 1.6745e-05 
8.4975e+01 2948.30 1.3380e-02 1.4442e-01 2.9329e-10 7.9697e-09 1.8944e-08 4.7871e-07 8.4129e-01 4.5243e-04 2.8279e-08 3.1582e-06 3.7854e-04 1.0085e-06 3.3362e-08 4.1191e-10 5.5052e-05 3.5961e-06 5.5333e-06 1.6356e-05 
7.2208e+01 2948.30 1.4506e-02 1.4434e-01 2.9441e-10 8.6698e-09 2.2247e-08 5.5000e-07 8.4024e-01 4.5321e-04 2.8269e-08 2.2835e-06 3.7728e-04 8.6215e-07 2.4244e-08 2.5405e-10 5.5360e-05 3.0586e-06 5.8567e-06 1.5948e-05 
6.1359e+01 2948.30 1.5726e-02 1.4425e-01 2.9513e-10 9.4269e-09 2.6146e-08 6.3081e-07 8.3911e-01 4.5370e-04 2.8262e-08 1.6484e-06 3.7627e-04 7.3560e-07 1.7567e-08 1.5622e-10 5.5617e-05 2.5999e-06 6.1879e-06 1.5523e-05 
5.2140e+01 2948.30 1.7047e-02 1.4415e-01 2.9553e-10 1.0246e-08 3.0745e-08 7.2218e-07 8.3789e-01 4.5398e-04 2.8257e-08 1.1884e-06 3.7544e-04 6.2666e-07 1.2701e-08 9.5835e-11 5.5829e-05 2.2086e-06 6.5255e-06 1.5079e-05 
4.4306e+01 2948.30 1.8478e-02 1.4405e-01 2.9569e-10 1.1132e-08 3.6171e-08 8.2517e-07 8.3656e-01 4.5408e-04 2.8255e-08 8.5589e-07 3.7473e-04 5.3318e-07 9.1665e-09 5.8680e-11 5.6000e-05 1.8752e-06 6.8678e-06 1.4617e-05 
3.7649e+01 2948.30 2.0028e-02 1.4393e-01 2.9565e-10 1.2091e-08 4.2568e-08 9.4092e-07 8.3513e-01 4.5405e-04 2.8255e-08 6.1582e-07 3.7411e-04 4.5318e-07 6.6059e-09 3.5873e-11 5.6137e-05 1.5913e-06 7.2127e-06 1.4139e-05 
3.1993e+01 2948.30 2.1706e-02 1.4381e-01 2.9546e-10 1.3128e-08 5.0111e-08 1.0706e-06 8.3357e-01 4.5391e-04 2.8256e-08 4.4275e-07 3.7354e-04 3.8485e-07 4.7551e-09 2.1902e-11 5.6243e-05 1.3497e-06 7.5580e-06 1.3645e-05 
2.7186e+01 2948.30 2.3523e-02 1.4368e-01 2.9514e-10 1.4252e-08 5.9006e-08 1.2154e-06 8.3189e-01 4.5367e-04 2.8258e-08 3.1806e-07 3.7300e-04 3.2657e-07 3.4191e-09 1.3355e-11 5.6322e-05 1.1442e-06 7.9014e-06 1.3137e-05 
2.3101e+01 2948.30 2.5490e-02 1.4354e-01 2.9470e-10 1.5468e-08 6.9495e-08 1.3765e-06 8.3007e-01 4.5336e-04 2.8261e-08 2.2831e-07 3.7248e-04 2.7692e-07 2.4561e-09 8.1342e-12 5.6377e-05 9.6959e-07 8.2401e-06 1.2615e-05 
1.9630e+01 2948.30 2.7619e-02 1.4338e-01 2.9416e-10 1.6785e-08 8.1863e-08 1.5550e-06 8.2809e-01 4.5298e-04 2.8264e-08 1.6378e-07 3.7195e-04 2.3467e-07 1.7628e-09 4.9492e-12 5.6410e-05 8.2121e-07 8.5711e-06 1.2081e-05 
1.6681e+01 2948.30 2.9923e-02 1.4321e-01 2.9354e-10 1.8211e-08 9.6447e-08 1.7522e-06 8.2596e-01 4.5254e-04 2.8269e-08 1.1740e-07 3.7142e-04 1.9876e-07 1.2643e-09 3.0085e-12 5.6423e-05 6.9523e-07 8.8912e-06 1.1538e-05 
1.4175e+01 2948.30 3.2415e-02 1.4303e-01 2.9282e-10 1.9754e-08 1.1365e-07 1.9690e-06 8.2365e-01 4.5203e-04 2.8274e-08 8.4100e-08 3.7087e-04 1.6825e-07 9.0596e-10 1.8268e-12 5.6419e-05 5.8829e-07 9.1974e-06 1.0987e-05 
1.2045e+01 2948.30 3.5111e-02 1.4284e-01 2.9202e-10 2.1426e-08 1.3394e-07 2.2064e-06 8.2115e-01 4.5146e-04 2.8280e-08 6.0192e-08 3.7029e-04 1.4233e-07 6.4860e-10 1.1080e-12 5.6399e-05 4.9752e-07 9.4864e-06 1.0430e-05 
1.0235e+01 2948.30 3.8026e-02 1.4262e-01 2.9114e-10 2.3236e-08 1.5789e-07 2.4653e-06 8.1845e-01 4.5083e-04 2.8287e-08 4.3044e-08 3.6968e-04 1.2034e-07 4.6395e-10 6.7123e-13 5.6363e-05 4.2054e-07 9.7546e-06 9.8700e-06 
8.6975e+00 2948.30 4.1177e-02 1.4240e-01 2.9016e-10 2.5195e-08 1.8613e-07 2.7462e-06 8.1553e-01 4.5013e-04 2.8295e-08 3.0759e-08 3.6903e-04 1.0169e-07 3.3161e-10 4.0624e-13 5.6313e-05 3.5530e-07 9.9987e-06 9.3096e-06 
7.3907e+00 2948.30 4.4583e-02 1.4215e-01 2.8910e-10 2.7316e-08 2.1948e-07 3.0496e-06 8.1237e-01 4.4937e-04 2.8303e-08 2.1958e-08 3.6833e-04 8.5883e-08 2.3678e-10 2.4553e-13 5.6249e-05 3.0000e-07 1.0216e-05 8.7509e-06 
6.2803e+00 2948.30 4.8262e-02 1.4188e-01 2.8795e-10 2.9612e-08 2.5884e-07 3.3758e-06 8.0896e-01 4.4855e-04 2.8312e-08 1.5660e-08 3.6757e-04 7.2486e-08 1.6890e-10 1.4820e-13 5.6172e-05 2.5315e-07 1.0402e-05 8.1968e-06 
5.3367e+00 2948.30 5.2236e-02 1.4159e-01 2.8670e-10 3.2098e-08 3.0533e-07 3.7246e-06 8.0528e-01 4.4765e-04 2.8322e-08 1.1156e-08 3.6676e-04 6.1138e-08 1.2035e-10 8.9328e-14 5.6082e-05 2.1347e-07 1.0555e-05 7.6499e-06 
4.5349e+00 2948.30 5.6526e-02 1.4128e-01 2.8534e-10 3.4788e-08 3.6023e-07 4.0956e-06 8.0130e-01 4.4668e-04 2.8333e-08 7.9388e-09 3.6589e-04 5.1532e-08 8.5660e-11 5.3760e-14 5.5978e-05 1.7989e-07 1.0673e-05 7.1129e-06 
3.8535e+00 2948.30 6.1156e-02 1.4094e-01 2.8388e-10 3.7699e-08 4.2511e-07 4.4883e-06 7.9701e-01 4.4562e-04 2.8344e-08 5.6420e-09 3.6494e-04 4.3402e-08 6.0892e-11 3.2300e-14 5.5861e-05 1.5148e-07 1.0753e-05 6.5881e-06 
3.2746e+00 2948.30 6.6149e-02 1.4058e-01 2.8230e-10 4.0848e-08 5.0176e-07 4.9014e-06 7.9238e-01 4.4448e-04 2.8357e-08 4.0047e-09 3.6391e-04 3.6528e-08 4.3231e-11 1.9374e-14 5.5731e-05 1.2745e-07 1.0794e-05 6.0783e-06 
2.7826e+00 2948.30 7.1533e-02 1.4019e-01 2.8061e-10 4.4255e-08 5.9241e-07 5.3339e-06 7.8739e-01 4.4325e-04 2.8371e-08 2.8382e-09 3.6280e-04 3.0716e-08 3.0648e-11 1.1598e-14 5.5587e-05 1.0714e-07 1.0793e-05 5.5853e-06 
2.3645e+00 2948.30 7.7334e-02 1.3977e-01 2.7878e-10 4.7940e-08 6.9962e-07 5.7839e-06 7.8202e-01 4.4192e-04 2.8386e-08 2.0083e-09 3.6159e-04 2.5806e-08 2.1694e-11 6.9281e-15 5.5428e-05 8.9984e-08 1.0752e-05 5.1114e-06 
2.0092e+00 2948.30 8.3583e-02 1.3931e-01 2.7682e-10 5.1925e-08 8.2648e-07 6.2494e-06 7.7623e-01 4.4049e-04 2.8401e-08 1.4187e-09 3.6028e-04 2.1659e-08 1.5330e-11 4.1294e-15 5.5255e-05 7.5497e-08 1.0669e-05 4.6582e-06 
1.7073e+00 2948.30 9.0307e-02 1.3882e-01 2.7472e-10 5.6233e-08 9.7663e-07 6.7281e-06 7.6999e-01 4.3895e-04 2.8419e-08 1.0003e-09 3.5886e-04 1.8161e-08 1.0815e-11 2.4554e-15 5.5067e-05 6.3274e-08 1.0546e-05 4.2272e-06 
1.4508e+00 2948.30 9.7538e-02 1.3830e-01 2.7247e-10 6.0889e-08 1.1544e-06 7.2173e-06 7.6329e-01 4.3729e-04 2.8437e-08 7.0402e-10 3.5732e-04 1.5211e-08 7.6150e-12 1.4564e-15 5.4862e-05 5.2968e-08 1.0383e-05 3.8197e-06 
1.2329e+00 2948.30 1.0531e-01 1.3773e-01 2.7007e-10 6.5917e-08 1.3649e-06 7.7139e-06 7.5609e-01 4.3551e-04 2.8456e-08 4.9448e-10 3.5564e-04 1.2726e-08 5.3518e-12 8.6164e-16 5.4641e-05 4.4288e-08 1.0182e-05 3.4367e-06 
1.0476e+00 2948.30 1.1366e-01 1.3713e-01 2.6750e-10 7.1353e-08 1.6146e-06 8.2156e-06 7.4835e-01 4.3359e-04 2.8477e-08 3.4642e-10 3.5381e-04 1.0632e-08 3.7521e-12 5.0804e-16 5.4402e-05 3.6974e-08 9.9445e-06 3.0782e-06 
8.9021e-01 2948.30 1.2261e-01 1.3647e-01 2.6477e-10 7.7221e-08 1.9106e-06 8.7184e-06 7.4006e-01 4.3153e-04 2.8499e-08 2.4213e-10 3.5183e-04 8.8716e-09 2.6248e-12 2.9866e-16 5.4144e-05 3.0825e-08 9.6740e-06 2.7451e-06 
7.5646e-01 2948.30 1.3220e-01 1.3578e-01 2.6186e-10 8.3555e-08 2.2618e-06 9.2192e-06 7.3116e-01 4.2933e-04 2.8522e-08 1.6878e-10 3.4967e-04 7.3919e-09 1.8316e-12 1.7497e-16 5.3867e-05 2.5657e-08 9.3732e-06 2.4370e-06 
6.4281e-01 2948.30 1.4248e-01 1.3503e-01 2.5877e-10 9.0391e-08 2.6787e-06 9.7147e-06 7.2164e-01 4.2697e-04 2.8546e-08 1.1732e-10 3.4731e-04 6.1497e-09 1.2747e-12 1.0213e-16 5.3570e-05 2.1319e-08 9.0453e-06 2.1537e-06 
5.4623e-01 2948.30 1.5347e-01 1.3423e-01 2.5550e-10 9.7765e-08 3.1738e-06 1.0201e-05 7.1145e-01 4.2444e-04 2.8571e-08 8.1300e-11 3.4475e-04 5.1078e-09 8.8467e-13 5.9378e-17 5.3252e-05 1.7681e-08 8.6938e-06 1.8947e-06 
4.6416e-01 2948.30 1.6521e-01 1.3338e-01 2.5204e-10 1.0572e-07 3.7621e-06 1.0676e-05 7.0057e-01 4.2174e-04 2.8596e-08 5.6153e-11 3.4195e-04 4.2351e-09 6.1212e-13 3.4378e-17 5.2911e-05 1.4634e-08 8.3226e-06 1.6592e-06 
3.9442e-01 2948.30 1.7773e-01 1.3247e-01 2.4839e-10 1.1429e-07 4.4616e-06 1.1135e-05 6.8897e-01 4.1887e-04 2.8620e-08 3.8648e-11 3.3889e-04 3.5052e-09 4.2220e-13 1.9815e-17 5.2546e-05 1.2086e-08 7.9354e-06 1.4462e-06 
3.3516e-01 2948.30 1.9106e-01 1.3150e-01 2.4457e-10 1.2352e-07 5.2936e-06 1.1576e-05 6.7661e-01 4.1580e-04 2.8644e-08 2.6500e-11 3.3554e-04 2.8955e-09 2.9024e-13 1.1368e-17 5.2158e-05 9.9577e-09 7.5360e-06 1.2546e-06 
2.8480e-01 2948.30 2.0525e-01 1.3047e-01 2.4056e-10 1.3346e-07 6.2837e-06 1.1995e-05 6.6347e-01 4.1254e-04 2.8666e-08 1.8097e-11 3.3188e-04 2.3870e-09 1.9882e-13 6.4886e-18 5.1745e-05 8.1835e-09 7.1283e-06 1.0833e-06 
2.4201e-01 2948.30 2.2030e-01 1.2937e-01 2.3639e-10 1.4417e-07 7.4622e-06 1.2391e-05 6.4951e-01 4.0908e-04 2.8685e-08 1.2306e-11 3.2786e-04 1.9637e-09 1.3571e-13 3.6844e-18 5.1306e-05 6.7071e-09 6.7158e-06 9.3085e-07 
2.0565e-01 2948.30 2.3625e-01 1.2821e-01 2.3206e-10 1.5568e-07 8.8652e-06 1.2760e-05 6.3473e-01 4.0541e-04 2.8699e-08 8.3311e-12 3.2345e-04 1.6120e-09 9.2292e-14 2.0807e-18 5.0840e-05 5.4809e-09 6.3022e-06 7.9601e-07 
1.7475e-01 2948.30 2.5311e-01 1.2699e-01 2.2759e-10 1.6807e-07 1.0536e-05 1.3100e-05 6.1910e-01 4.0154e-04 2.8705e-08 5.6128e-12 3.1860e-04 1.3203e-09 6.2522e-14 1.1682e-18 5.0348e-05 4.4647e-09 5.8905e-06 6.7735e-07 
1.4850e-01 2948.26 2.7086e-01 1.2570e-01 2.2295e-10 1.8133e-07 1.2520e-05 1.3410e-05 6.0265e-01 3.9745e-04 2.8701e-08 3.7640e-12 3.1327e-04 1.0792e-09 4.2203e-14 6.5238e-19 4.9829e-05 3.6250e-09 5.4846e-06 5.7365e-07 
1.2619e-01 2947.68 2.8914e-01 1.2437e-01 2.1737e-10 1.9489e-07 1.4821e-05 1.3685e-05 5.8571e-01 3.9325e-04 2.8687e-08 2.5193e-12 3.0752e-04 8.8081e-10 2.8429e-14 3.6347e-19 4.9295e-05 2.9368e-09 5.0925e-06 4.8469e-07 
1.0723e-01 2946.60 3.0791e-01 1.2300e-01 2.1103e-10 2.0873e-07 1.7479e-05 1.3926e-05 5.6831e-01 3.8894e-04 2.8660e-08 1.6828e-12 3.0133e-04 7.1800e-10 1.9115e-14 2.0205e-19 4.8746e-05 2.3736e-09 4.7160e-06 4.0856e-07 
9.1116e-02 2945.04 3.2712e-01 1.2160e-01 2.0408e-10 2.2279e-07 2.0538e-05 1.4134e-05 5.5050e-01 3.8452e-04 2.8615e-08 1.1218e-12 2.9465e-04 5.8464e-10 1.2832e-14 1.1209e-19 4.8184e-05 1.9138e-09 4.3563e-06 3.4360e-07 
7.7426e-02 2943.03 3.4673e-01 1.2018e-01 1.9666e-10 2.3703e-07 2.4040e-05 1.4311e-05 5.3233e-01 3.8001e-04 2.8547e-08 7.4641e-13 2.8745e-04 4.7565e-10 8.6060e-15 6.2081e-20 4.7611e-05 1.5393e-09 4.0144e-06 2.8833e-07 
6.5793e-02 2940.59 3.6668e-01 1.1873e-01 1.8894e-10 2.5141e-07 2.8030e-05 1.4456e-05 5.1384e-01 3.7542e-04 2.8449e-08 4.9577e-13 2.7970e-04 3.8674e-10 5.7679e-15 3.4339e-20 4.7028e-05 1.2350e-09 3.6910e-06 2.4142e-07 
5.5908e-02 2937.75 3.8692e-01 1.1726e-01 1.8106e-10 2.6589e-07 3.2553e-05 1.4573e-05 4.9508e-01 3.7077e-04 2.8314e-08 3.2874e-13 2.7136e-04 3.1434e-10 3.8653e-15 1.8977e-20 4.6436e-05 9.8818e-10 3.3862e-06 2.0170e-07 
4.7508e-02 2934.53 4.0739e-01 1.1577e-01 1.7316e-10 2.8044e-07 3.7650e-05 1.4662e-05 4.7611e-01 3.6606e-04 2.8135e-08 2.1765e-13 2.6240e-04 2.5549e-10 2.5916e-15 1.0483e-20 4.5838e-05 7.8855e-10 3.1001e-06 1.6815e-07 
4.0370e-02 2930.96 4.2803e-01 1.1427e-01 1.6536e-10 2.9502e-07 4.3357e-05 1.4725e-05 4.5698e-01 3.6131e-04 2.7902e-08 1.4391e-13 2.5281e-04 2.0773e-10 1.7397e-15 5.7917e-21 4.5234e-05 6.2749e-10 2.8324e-06 1.3987e-07 
3.4305e-02 2927.08 4.4881e-01 1.1275e-01 1.5780e-10 3.0965e-07 4.9707e-05 1.4765e-05 4.3773e-01 3.5653e-04 2.7607e-08 9.5049e-14 2.4254e-04 1.6903e-10 1.1701e-15 3.2024e-21 4.4627e-05 4.9787e-10 2.5827e-06 1.1609e-07 
2.9150e-02 2922.89 4.6963e-01 1.1124e-01 1.5055e-10 3.2427e-07 5.6711e-05 1.4782e-05 4.1843e-01 3.5174e-04 2.7241e-08 6.2725e-14 2.3161e-04 1.3771e-10 7.8927e-16 1.7734e-21 4.4018e-05 3.9384e-10 2.3506e-06 9.6138e-08 
2.4771e-02 2918.48 4.9049e-01 1.0972e-01 1.4377e-10 3.3901e-07 6.4390e-05 1.4779e-05 3.9910e-01 3.4695e-04 2.6793e-08 4.1364e-14 2.2000e-04 1.1238e-10 5.3439e-16 9.8427e-22 4.3408e-05 3.1055e-10 2.1351e-06 7.9415e-08 
2.1049e-02 2914.35 5.1183e-01 1.0817e-01 1.3808e-10 3.5496e-07 7.2961e-05 1.4756e-05 3.7932e-01 3.4204e-04 2.6231e-08 2.7156e-14 2.0740e-04 9.1844e-11 3.6300e-16 5.4573e-22 4.2784e-05 2.4346e-10 1.9322e-06 6.5201e-08 
1.7886e-02 2910.51 5.3358e-01 1.0659e-01 1.3352e-10 3.7229e-07 8.2432e-05 1.4713e-05 3.5916e-01 3.3703e-04 2.5540e-08 1.7758e-14 1.9383e-04 7.5234e-11 2.4780e-16 3.0273e-22 4.2146e-05 1.8970e-10 1.7419e-06 5.3193e-08 
1.5199e-02 2906.96 5.5563e-01 1.0498e-01 1.3013e-10 3.9111e-07 9.2758e-05 1.4652e-05 3.3872e-01 3.3196e-04 2.4706e-08 1.1575e-14 1.7934e-04 6.1837e-11 1.7037e-16 1.6833e-22 4.1500e-05 1.4687e-10 1.5644e-06 4.3119e-08 
1.2915e-02 2903.69 5.7790e-01 1.0336e-01 1.2798e-10 4.1158e-07 1.0385e-04 1.4575e-05 3.1808e-01 3.2684e-04 2.3718e-08 7.5245e-15 1.6406e-04 5.1050e-11 1.1820e-16 9.3981e-23 4.0846e-05 1.1293e-10 1.3995e-06 3.4720e-08 
1.0975e-02 2900.71 6.0025e-01 1.0174e-01 1.2718e-10 4.3388e-07 1.1552e-04 1.4482e-05 2.9737e-01 3.2169e-04 2.2571e-08 4.8833e-15 1.4817e-04 4.2385e-11 8.2954e-17 5.2808e-23 4.0189e-05 8.6230e-11 1.2472e-06 2.7770e-08 
9.3260e-03 2898.01 6.2257e-01 1.0011e-01 1.2786e-10 4.5820e-07 1.2756e-04 1.4376e-05 2.7669e-01 3.1656e-04 2.1271e-08 3.1656e-15 1.3192e-04 3.5428e-11 5.9016e-17 2.9913e-23 3.9532e-05 6.5351e-11 1.1071e-06 2.2057e-08 
7.9248e-03 2895.59 6.4470e-01 9.8501e-02 1.3019e-10 4.8476e-07 1.3965e-04 1.4260e-05 2.5618e-01 3.1147e-04 1.9832e-08 2.0514e-15 1.1566e-04 2.9848e-11 4.2651e-17 1.7117e-23 3.8879e-05 4.9148e-11 9.7899e-07 1.7398e-08 
6.7342e-03 2891.16 6.6432e-01 9.7074e-02 1.3094e-10 5.0617e-07 1.5018e-04 1.4150e-05 2.3800e-01 3.0695e-04 1.8473e-08 1.3533e-15 1.0142e-04 2.5327e-11 3.1255e-17 1.0017e-23 3.8301e-05 3.7237e-11 8.7120e-07 1.3899e-08 
5.7224e-03 2883.82 6.8064e-01 9.5886e-02 1.2836e-10 5.1851e-07 1.5859e-04 1.4056e-05 2.2287e-01 3.0320e-04 1.7317e-08 9.1449e-16 8.9942e-05 2.1580e-11 2.3077e-17 6.0000e-24 3.7823e-05 2.8646e-11 7.8400e-07 1.1351e-08 
4.8626e-03 2873.64 6.9386e-01 9.4924e-02 1.2224e-10 5.2115e-07 1.6502e-04 1.3979e-05 2.1062e-01 3.0016e-04 1.6392e-08 6.3232e-16 8.1022e-05 1.8410e-11 1.7071e-17 3.6612e-24 3.7440e-05 2.2414e-11 7.1394e-07 9.4881e-09 
4.1320e-03 2860.69 7.0416e-01 9.4175e-02 1.1279e-10 5.1396e-07 1.6967e-04 1.3920e-05 2.0107e-01 2.9779e-04 1.5709e-08 4.4701e-16 7.4422e-05 1.5689e-11 1.2593e-17 2.2678e-24 3.7146e-05 1.7864e-11 6.5827e-07 8.1255e-09 
3.5112e-03 2845.05 7.1171e-01 9.3625e-02 1.0062e-10 4.9735e-07 1.7277e-04 1.3879e-05 1.9408e-01 2.9605e-04 1.5272e-08 3.2291e-16 6.9906e-05 1.3331e-11 9.2316e-18 1.4221e-24 3.6936e-05 1.4521e-11 6.1479e-07 7.1355e-09 
2.9837e-03 2826.77 7.1661e-01 9.3269e-02 8.6610e-11 4.7209e-07 1.7444e-04 1.3857e-05 1.8954e-01 2.9493e-04 1.5087e-08 2.3838e-16 6.7312e-05 1.1281e-11 6.7086e-18 9.0136e-25 3.6807e-05 1.2052e-11 5.8193e-07 6.4320e-09 
2.5354e-03 2805.92 7.1892e-01 9.3101e-02 7.1837e-11 4.3944e-07 1.7477e-04 1.3855e-05 1.8739e-01 2.9440e-04 1.5160e-08 1.7986e-16 6.6542e-05 9.4990e-12 4.8257e-18 5.7698e-25 3.6757e-05 1.0221e-11 5.5846e-07 5.9557e-09 
2.1544e-03 2782.58 7.1866e-01 9.3120e-02 5.7374e-11 4.0103e-07 1.7378e-04 1.3873e-05 1.8764e-01 2.9446e-04 1.5500e-08 1.3877e-16 6.7584e-05 7.9575e-12 3.4347e-18 3.7303e-25 3.6783e-05 8.8634e-12 5.4353e-07 5.6679e-09 
1.8307e-03 2756.81 7.1575e-01 9.3332e-02 4.4100e-11 3.5859e-07 1.7137e-04 1.3913e-05 1.9033e-01 2.9513e-04 1.6126e-08 1.0961e-16 7.0543e-05 6.6342e-12 2.4206e-18 2.4391e-25 3.6889e-05 7.8634e-12 5.3673e-07 5.5486e-09 
1.5557e-03 2728.67 7.1004e-01 9.3747e-02 3.2623e-11 3.1398e-07 1.6736e-04 1.3976e-05 1.9562e-01 2.9644e-04 1.7062e-08 8.8760e-17 7.5626e-05 5.5098e-12 1.6924e-18 1.6167e-25 3.7076e-05 7.1398e-12 5.3797e-07 5.5911e-09 
1.3219e-03 2698.24 7.0137e-01 9.4378e-02 2.3250e-11 2.6908e-07 1.6151e-04 1.4064e-05 2.0366e-01 2.9843e-04 1.8332e-08 7.3790e-17 8.3112e-05 4.5657e-12 1.1777e-18 1.0896e-25 3.7349e-05 6.6322e-12 5.4736e-07 5.8001e-09 
1.1233e-03 2667.89 6.9190e-01 9.5068e-02 1.6496e-11 2.2954e-07 1.5496e-04 1.4160e-05 2.1244e-01 3.0061e-04 1.9699e-08 6.1814e-17 9.1449e-05 3.7932e-12 8.2374e-19 7.4100e-26 3.7643e-05 6.1840e-12 5.5851e-07 6.0502e-09 
9.5455e-04 2638.57 6.8264e-01 9.5742e-02 1.1808e-11 1.9637e-07 1.4834e-04 1.4254e-05 2.2102e-01 3.0274e-04 2.1049e-08 5.1721e-17 9.9817e-05 3.1636e-12 5.8068e-19 5.0604e-26 3.7927e-05 5.7414e-12 5.6855e-07 6.2820e-09 
8.1113e-04 2610.28 6.7369e-01 9.6394e-02 8.5290e-12 1.6853e-07 1.4176e-04 1.4346e-05 2.2931e-01 3.0480e-04 2.2366e-08 4.3195e-17 1.0808e-04 2.6478e-12 4.1226e-19 3.4667e-26 3.8200e-05 5.3062e-12 5.7726e-07 6.4894e-09 
6.8926e-04 2583.01 6.6511e-01 9.7018e-02 6.2170e-12 1.4514e-07 1.3533e-04 1.4435e-05 2.3726e-01 3.0678e-04 2.3638e-08 3.5989e-17 1.1613e-04 2.2231e-12 2.9457e-19 2.3805e-26 3.8460e-05 4.8812e-12 5.8450e-07 6.6682e-09 
5.8570e-04 2556.78 6.5701e-01 9.7608e-02 4.5749e-12 1.2550e-07 1.2915e-04 1.4521e-05 2.4477e-01 3.0864e-04 2.4852e-08 2.9885e-17 1.2383e-04 1.8716e-12 2.1165e-19 1.6363e-26 3.8704e-05 4.4678e-12 5.9003e-07 6.8115e-09 
4.9770e-04 2531.57 6.4945e-01 9.8158e-02 3.3980e-12 1.0898e-07 1.2332e-04 1.4602e-05 2.5177e-01 3.1038e-04 2.6002e-08 2.4720e-17 1.3110e-04 1.5791e-12 1.5277e-19 1.1248e-26 3.8930e-05 4.0690e-12 5.9373e-07 6.9155e-09 
4.2292e-04 2507.39 6.4253e-01 9.8662e-02 2.5479e-12 9.5084e-08 1.1790e-04 1.4679e-05 2.5819e-01 3.1197e-04 2.7081e-08 2.0351e-17 1.3782e-04 1.3347e-12 1.1066e-19 7.7220e-27 3.9138e-05 3.6861e-12 5.9542e-07 6.9751e-09 
3.5938e-04 2484.25 6.3633e-01 9.9113e-02 1.9290e-12 8.3389e-08 1.1297e-04 1.4749e-05 2.6393e-01 3.1340e-04 2.8083e-08 1.6659e-17 1.4392e-04 1.1295e-12 8.0363e-20 5.2873e-27 3.9323e-05 3.3207e-12 5.9491e-07 6.9855e-09 
3.0539e-04 2462.13 6.3092e-01 9.9507e-02 1.4743e-12 7.3528e-08 1.0856e-04 1.4813e-05 2.6894e-01 3.1464e-04 2.9008e-08 1.3551e-17 1.4934e-04 9.5650e-13 5.8453e-20 3.6070e-27 3.9484e-05 2.9750e-12 5.9217e-07 6.9454e-09 
2.5950e-04 2441.04 6.2639e-01 9.9837e-02 1.1378e-12 6.5218e-08 1.0473e-04 1.4869e-05 2.7314e-01 3.1568e-04 2.9854e-08 1.0943e-17 1.5403e-04 8.1014e-13 4.2537e-20 2.4478e-27 3.9619e-05 2.6493e-12 5.8703e-07 6.8516e-09 
2.2051e-04 2420.97 6.2278e-01 1.0010e-01 8.8670e-13 5.8207e-08 1.0148e-04 1.4917e-05 2.7648e-01 3.1651e-04 3.0621e-08 8.7683e-18 1.5796e-04 6.8603e-13 3.0947e-20 1.6512e-27 3.9727e-05 2.3452e-12 5.7950e-07 6.7049e-09 
1.8738e-04 2401.94 6.2021e-01 1.0029e-01 6.9802e-13 5.2302e-08 9.8864e-05 1.4957e-05 2.7887e-01 3.1710e-04 3.1306e-08 6.9638e-18 1.6106e-04 5.8055e-13 2.2488e-20 1.1056e-27 3.9804e-05 2.0627e-12 5.6947e-07 6.5042e-09 
1.5923e-04 2383.94 6.1872e-01 1.0040e-01 5.5514e-13 4.7330e-08 9.6891e-05 1.4986e-05 2.8025e-01 3.1745e-04 3.1910e-08 5.4785e-18 1.6332e-04 4.9079e-13 1.6310e-20 7.3412e-28 3.9850e-05 1.8023e-12 5.5697e-07 6.2528e-09 
1.3531e-04 2366.96 6.1836e-01 1.0042e-01 4.4610e-13 4.3147e-08 9.5575e-05 1.5006e-05 2.8059e-01 3.1753e-04 3.2433e-08 4.2668e-18 1.6470e-04 4.1435e-13 1.1800e-20 4.8301e-28 3.9863e-05 1.5640e-12 5.4208e-07 5.9549e-09 
1.1498e-04 2351.02 6.1922e-01 1.0036e-01 3.6244e-13 3.9648e-08 9.4961e-05 1.5014e-05 2.7979e-01 3.1733e-04 3.2867e-08 3.2862e-18 1.6515e-04 3.4923e-13 8.5098e-21 3.1450e-28 3.9840e-05 1.3472e-12 5.2478e-07 5.6137e-09 
9.7701e-05 2336.10 6.2133e-01 1.0021e-01 2.9775e-13 3.6730e-08 9.5058e-05 1.5010e-05 2.7783e-01 3.1685e-04 3.3211e-08 2.5019e-18 1.6466e-04 2.9380e-13 6.1154e-21 2.0254e-28 3.9780e-05 1.1517e-12 5.0526e-07 5.2370e-09 
8.3022e-05 2322.21 6.2474e-01 9.9959e-02 2.4748e-13 3.4319e-08 9.5905e-05 1.4993e-05 2.7467e-01 3.1606e-04 3.3457e-08 1.8817e-18 1.6317e-04 2.4671e-13 4.3790e-21 1.2896e-28 3.9683e-05 9.7660e-13 4.8368e-07 4.8322e-09 
7.0548e-05 2309.35 6.2949e-01 9.9613e-02 2.0825e-13 3.2353e-08 9.7543e-05 1.4964e-05 2.7027e-01 3.1497e-04 3.3594e-08 1.3972e-18 1.6063e-04 2.0675e-13 3.1238e-21 8.1122e-29 3.9547e-05 8.2108e-13 4.6022e-07 4.4071e-09 
5.9948e-05 2297.52 6.3561e-01 9.9168e-02 1.7753e-13 3.0782e-08 1.0002e-04 1.4920e-05 2.6460e-01 3.1356e-04 3.3609e-08 1.0235e-18 1.5700e-04 1.7295e-13 2.2205e-21 5.0404e-29 3.9371e-05 6.8404e-13 4.3510e-07 3.9707e-09 
5.0941e-05 2286.71 6.4310e-01 9.8623e-02 1.5342e-13 2.9565e-08 1.0337e-04 1.4863e-05 2.5766e-01 3.1184e-04 3.3486e-08 7.3961e-19 1.5224e-04 1.4443e-13 1.5735e-21 3.0938e-29 3.9155e-05 5.6440e-13 4.0863e-07 3.5323e-09 
4.3288e-05 2276.94 6.5198e-01 9.7976e-02 1.3459e-13 2.8680e-08 1.0767e-04 1.4791e-05 2.4942e-01 3.0980e-04 3.3201e-08 5.2681e-19 1.4626e-04 1.2047e-13 1.1125e-21 1.8760e-29 3.8898e-05 4.6081e-13 3.8106e-07 3.0999e-09 
3.6784e-05 2268.20 6.6224e-01 9.7230e-02 1.1997e-13 2.8105e-08 1.1294e-04 1.4704e-05 2.3992e-01 3.0744e-04 3.2729e-08 3.6981e-19 1.3906e-04 1.0043e-13 7.8572e-22 1.1244e-29 3.8602e-05 3.7202e-13 3.5272e-07 2.6820e-09 
3.1257e-05 2260.48 6.7380e-01 9.6389e-02 1.0882e-13 2.7826e-08 1.1921e-04 1.4603e-05 2.2921e-01 3.0478e-04 3.2044e-08 2.5587e-19 1.3061e-04 8.3738e-14 5.5527e-22 6.6702e-30 3.8268e-05 2.9677e-13 3.2399e-07 2.2864e-09 
2.6561e-05 2253.79 6.8661e-01 9.5457e-02 1.0061e-13 2.7843e-08 1.2645e-04 1.4487e-05 2.1734e-01 3.0183e-04 3.1114e-08 1.7450e-19 1.2095e-04 6.9923e-14 3.9357e-22 3.9222e-30 3.7898e-05 2.3368e-13 2.9519e-07 1.9189e-09 
2.2570e-05 2248.13 7.0056e-01 9.4441e-02 9.5028e-14 2.8164e-08 1.3461e-04 1.4359e-05 2.0440e-01 2.9862e-04 2.9910e-08 1.1733e-19 1.1016e-04 5.8555e-14 2.8055e-22 2.2906e-30 3.7494e-05 1.8144e-13 2.6668e-07 1.5842e-09 
1.9179e-05 2238.36 7.0813e-01 9.3890e-02 8.3689e-14 2.7229e-08 1.3858e-04 1.4292e-05 1.9738e-01 2.9688e-04 2.9455e-08 8.4027e-20 1.0477e-04 4.9217e-14 2.0134e-22 1.4085e-30 3.7276e-05 1.4772e-13 2.4870e-07 1.3905e-09 
1.6298e-05 2234.76 7.2421e-01 9.2720e-02 8.2693e-14 2.8157e-08 1.4828e-04 1.4139e-05 1.8249e-01 2.9318e-04 2.7697e-08 5.4962e-20 9.2031e-05 4.1538e-14 1.4576e-22 8.1400e-31 3.6811e-05 1.1141e-13 2.2083e-07 1.1100e-09 
1.3849e-05 2232.19 7.4095e-01 9.1501e-02 8.4064e-14 2.9453e-08 1.5832e-04 1.3977e-05 1.6697e-01 2.8933e-04 2.5630e-08 3.5507e-20 7.8836e-05 3.5353e-14 1.0727e-22 4.7112e-31 3.6326e-05 8.2582e-14 1.9422e-07 8.6955e-10 
1.1768e-05 2230.64 7.5810e-01 9.0253e-02 8.8135e-14 3.1166e-08 1.6827e-04 1.3809e-05 1.5108e-01 2.8538e-04 2.3291e-08 2.2683e-20 6.5657e-05 3.0412e-14 8.0611e-23 2.7410e-31 3.5830e-05 6.0103e-14 1.6916e-07 6.6820e-10 
1.0000e-05 2230.13 7.7539e-01 8.8996e-02 9.5564e-14 3.3373e-08 1.7767e-04 1.3637e-05 1.3506e-01 2.8141e-04 2.0743e-08 1.4335e-20 5.2995e-05 2.6499e-14 6.2099e-23 1.6077e-31 3.5329e-05 4.2895e-14 1.4587e-07 5.0321e-10 
