# This is a final TEA output file with calculated abundances (mixing fractions) for all listed species.
# Units: pressure (bar), temperature (K), abundance (unitless).

#SPECIES
H_g He_ref C_g N_g O_g S_g H2_ref CO_g CO2_g CH4_g H2O_g HCN_g C2H4_g N2_ref NH3_g H2S_g 

#TEADATA
#Pressure  Temp    H_g        He_ref     C_g        N_g        O_g        S_g        H2_ref     CO_g       CO2_g      CH4_g      H2O_g      HCN_g      C2H4_g     N2_ref     NH3_g      H2S_g      
3.1623e+01 1811.89 6.4969e-05 1.4541e-01 6.2665e-17 5.9374e-14 1.4208e-13 6.5438e-10 8.5351e-01 3.6922e-04 5.2650e-08 9.0299e-05 4.6743e-04 2.5271e-07 3.2177e-09 5.4954e-05 5.3445e-06 2.2521e-05 
2.6303e+01 1810.94 7.0678e-05 1.4541e-01 6.7861e-17 6.4282e-14 1.6038e-13 7.7826e-10 8.5353e-01 3.8993e-04 5.3185e-08 6.9596e-05 4.4669e-04 2.3325e-07 2.2801e-09 5.5397e-05 4.4722e-06 2.2520e-05 
2.1878e+01 1810.15 7.6991e-05 1.4540e-01 7.2397e-17 6.9746e-14 1.8275e-13 9.2726e-10 8.5355e-01 4.0694e-04 5.3429e-08 5.2592e-05 4.2965e-04 2.1124e-07 1.5554e-09 5.5773e-05 3.7386e-06 2.2519e-05 
1.8197e+01 1809.49 8.3959e-05 1.4540e-01 7.6169e-17 7.5807e-14 2.1017e-13 1.1065e-09 8.5356e-01 4.2050e-04 5.3498e-08 3.9041e-05 4.1606e-04 1.8804e-07 1.0249e-09 5.6091e-05 3.1227e-06 2.2518e-05 
1.5136e+01 1808.95 9.1646e-05 1.4539e-01 7.9182e-17 8.2529e-14 2.4381e-13 1.3220e-09 8.5357e-01 4.3101e-04 5.3476e-08 2.8536e-05 4.0552e-04 1.6489e-07 6.5539e-10 5.6359e-05 2.6066e-06 2.2517e-05 
1.2589e+01 1808.49 1.0011e-04 1.4539e-01 8.1456e-17 8.9942e-14 2.8492e-13 1.5812e-09 8.5357e-01 4.3898e-04 5.3417e-08 2.0588e-05 3.9754e-04 1.4277e-07 4.0863e-10 5.6585e-05 2.1744e-06 2.2517e-05 
1.0471e+01 1808.11 1.0942e-04 1.4539e-01 8.3117e-17 9.8125e-14 3.3507e-13 1.8928e-09 8.5357e-01 4.4488e-04 5.3350e-08 1.4700e-05 3.9163e-04 1.2238e-07 2.4967e-10 5.6775e-05 1.8130e-06 2.2516e-05 
8.7096e+00 1807.79 1.1965e-04 1.4538e-01 8.4274e-17 1.0714e-13 3.9603e-13 2.2672e-09 8.5357e-01 4.4918e-04 5.3290e-08 1.0411e-05 3.8732e-04 1.0407e-07 1.5016e-10 5.6934e-05 1.5111e-06 2.2515e-05 
7.2444e+00 1807.53 1.3091e-04 1.4538e-01 8.5064e-17 1.1707e-13 4.7003e-13 2.7177e-09 8.5356e-01 4.5227e-04 5.3241e-08 7.3265e-06 3.8421e-04 8.7965e-08 8.9226e-11 5.7067e-05 1.2591e-06 2.2514e-05 
6.0256e+00 1807.31 1.4328e-04 1.4538e-01 8.5567e-17 1.2799e-13 5.5956e-13 3.2591e-09 8.5355e-01 4.5448e-04 5.3205e-08 5.1322e-06 3.8200e-04 7.4021e-08 5.2545e-11 5.7179e-05 1.0487e-06 2.2514e-05 
5.0119e+00 1807.13 1.5687e-04 1.4538e-01 8.5879e-17 1.4001e-13 6.6774e-13 3.9102e-09 8.5354e-01 4.5603e-04 5.3179e-08 3.5828e-06 3.8043e-04 6.2084e-08 3.0742e-11 5.7272e-05 8.7332e-07 2.2513e-05 
4.1687e+00 1806.98 1.7179e-04 1.4538e-01 8.6056e-17 1.5321e-13 7.9825e-13 4.6930e-09 8.5353e-01 4.5713e-04 5.3161e-08 2.4948e-06 3.7933e-04 5.1948e-08 1.7900e-11 5.7350e-05 7.2709e-07 2.2512e-05 
3.4674e+00 1806.85 1.8815e-04 1.4538e-01 8.6134e-17 1.6770e-13 9.5544e-13 5.6336e-09 8.5352e-01 4.5789e-04 5.3149e-08 1.7343e-06 3.7856e-04 4.3394e-08 1.0388e-11 5.7414e-05 6.0526e-07 2.2511e-05 
2.8840e+00 1806.72 2.0608e-04 1.4538e-01 8.6115e-17 1.8355e-13 1.1443e-12 6.7629e-09 8.5350e-01 4.5842e-04 5.3143e-08 1.2041e-06 3.7802e-04 3.6203e-08 6.0150e-12 5.7468e-05 5.0378e-07 2.2509e-05 
2.3988e+00 1806.53 2.2561e-04 1.4537e-01 8.5917e-17 2.0066e-13 1.3696e-12 8.1129e-09 8.5348e-01 4.5879e-04 5.3144e-08 8.3584e-07 3.7764e-04 3.0178e-08 3.4792e-12 5.7513e-05 4.1934e-07 2.2508e-05 
1.9953e+00 1806.13 2.4654e-04 1.4537e-01 8.5287e-17 2.1854e-13 1.6332e-12 9.7086e-09 8.5346e-01 4.5905e-04 5.3159e-08 5.8094e-07 3.7738e-04 2.5141e-08 2.0141e-12 5.7550e-05 3.4919e-07 2.2506e-05 
1.6596e+00 1805.28 2.6841e-04 1.4537e-01 8.3812e-17 2.3611e-13 1.9317e-12 1.1559e-08 8.5344e-01 4.5922e-04 5.3200e-08 4.0512e-07 3.7719e-04 2.0937e-08 1.1694e-12 5.7580e-05 2.9102e-07 2.2504e-05 
1.3804e+00 1803.74 2.9054e-04 1.4537e-01 8.1123e-17 2.5198e-13 2.2557e-12 1.3654e-08 8.5342e-01 4.5934e-04 5.3280e-08 2.8409e-07 3.7706e-04 1.7431e-08 6.8274e-13 5.7605e-05 2.4288e-07 2.2501e-05 
1.1482e+00 1800.58 3.1025e-04 1.4537e-01 7.5799e-17 2.6125e-13 2.5552e-12 1.5831e-08 8.5341e-01 4.5942e-04 5.3450e-08 2.0195e-07 3.7697e-04 1.4512e-08 4.0416e-13 5.7626e-05 2.0339e-07 2.2499e-05 
9.5499e-01 1794.95 3.2444e-04 1.4537e-01 6.7097e-17 2.5912e-13 2.7623e-12 1.7840e-08 8.5339e-01 4.5948e-04 5.3758e-08 1.4659e-07 3.7691e-04 1.2083e-08 2.4439e-13 5.7643e-05 1.7120e-07 2.2497e-05 
7.9433e-01 1786.63 3.3150e-04 1.4537e-01 5.5941e-17 2.4467e-13 2.8352e-12 1.9476e-08 8.5339e-01 4.5951e-04 5.4221e-08 1.0893e-07 3.7687e-04 1.0062e-08 1.5138e-13 5.7657e-05 1.4494e-07 2.2495e-05 
6.6069e-01 1775.37 3.3003e-04 1.4537e-01 4.3614e-17 2.1863e-13 2.7455e-12 2.0522e-08 8.5339e-01 4.5954e-04 5.4864e-08 8.3094e-08 3.7684e-04 8.3826e-09 9.6330e-14 5.7668e-05 1.2350e-07 2.2494e-05 
5.4954e-01 1761.10 3.1964e-04 1.4537e-01 3.1667e-17 1.8427e-13 2.4994e-12 2.0824e-08 8.5340e-01 4.5956e-04 5.5705e-08 6.5182e-08 3.7683e-04 6.9857e-09 6.3085e-14 5.7678e-05 1.0596e-07 2.2494e-05 
4.5709e-01 1742.36 2.9688e-04 1.4537e-01 2.0634e-17 1.4209e-13 2.0714e-12 1.9955e-08 8.5342e-01 4.5958e-04 5.6856e-08 5.3352e-08 3.7682e-04 5.8252e-09 4.3160e-14 5.7686e-05 9.1879e-08 2.2495e-05 
3.8019e-01 1719.64 2.6492e-04 1.4537e-01 1.2122e-17 1.0063e-13 1.5692e-12 1.8104e-08 8.5345e-01 4.5959e-04 5.8326e-08 4.5480e-08 3.7681e-04 4.8604e-09 3.0791e-14 5.7693e-05 8.0472e-08 2.2497e-05 
3.1623e-01 1694.10 2.2894e-04 1.4537e-01 6.5546e-18 6.6573e-14 1.1062e-12 1.5718e-08 8.5348e-01 4.5961e-04 6.0084e-08 4.0058e-08 3.7681e-04 4.0577e-09 2.2720e-14 5.7700e-05 7.1055e-08 2.2500e-05 
2.6303e-01 1666.15 1.9187e-04 1.4538e-01 3.2729e-18 4.1257e-14 7.2787e-13 1.3084e-08 8.5352e-01 4.5962e-04 6.2148e-08 3.6405e-08 3.7681e-04 3.3893e-09 1.7316e-14 5.7705e-05 6.3230e-08 2.2503e-05 
2.1878e-01 1636.21 1.5618e-04 1.4538e-01 1.5150e-18 2.4027e-14 4.4853e-13 1.0464e-08 8.5355e-01 4.5963e-04 6.4539e-08 3.4086e-08 3.7681e-04 2.8325e-09 1.3609e-14 5.7709e-05 5.6685e-08 2.2506e-05 
1.8197e-01 1603.03 1.2154e-04 1.4538e-01 6.2393e-19 1.2714e-14 2.4979e-13 7.8669e-09 8.5358e-01 4.5963e-04 6.7431e-08 3.3413e-08 3.7681e-04 2.3691e-09 1.1215e-14 5.7713e-05 5.1399e-08 2.2509e-05 
1.5136e-01 1567.62 9.0981e-05 1.4538e-01 2.3226e-19 6.1925e-15 1.2748e-13 5.6069e-09 8.5361e-01 4.5964e-04 7.0837e-08 3.4081e-08 3.7682e-04 1.9829e-09 9.6303e-15 5.7717e-05 4.7069e-08 2.2512e-05 
1.2589e-01 1531.33 6.6262e-05 1.4539e-01 8.0455e-20 2.8439e-15 6.1149e-14 3.8478e-09 8.5363e-01 4.5964e-04 7.4722e-08 3.5749e-08 3.7682e-04 1.6604e-09 8.5119e-15 5.7719e-05 4.3402e-08 2.2514e-05 
1.0471e-01 1494.55 4.7045e-05 1.4539e-01 2.6068e-20 1.2367e-15 2.7693e-14 2.5492e-09 8.5365e-01 4.5963e-04 7.9130e-08 3.8491e-08 3.7682e-04 1.3911e-09 7.7300e-15 5.7722e-05 4.0281e-08 2.2515e-05 
8.7096e-02 1457.64 3.2635e-05 1.4539e-01 7.9455e-21 5.1157e-16 1.1901e-14 1.6356e-09 8.5366e-01 4.5963e-04 8.4112e-08 4.2438e-08 3.7682e-04 1.1659e-09 7.1949e-15 5.7723e-05 3.7604e-08 2.2516e-05 
7.2444e-02 1419.59 2.1781e-05 1.4539e-01 2.1882e-21 1.9480e-16 4.6876e-15 9.9499e-10 8.5367e-01 4.5962e-04 8.9941e-08 4.8665e-08 3.7682e-04 9.7775e-10 6.9742e-15 5.7725e-05 3.5447e-08 2.2517e-05 
6.0256e-02 1381.49 1.4141e-05 1.4539e-01 5.6028e-22 6.9901e-17 1.7349e-15 5.8269e-10 8.5368e-01 4.5961e-04 9.6622e-08 5.7384e-08 3.7683e-04 8.2023e-10 6.9582e-15 5.7726e-05 3.3643e-08 2.2518e-05 
5.0119e-02 1344.49 9.0642e-06 1.4539e-01 1.3857e-22 2.4391e-17 6.2370e-16 3.3521e-10 8.5368e-01 4.5959e-04 1.0408e-07 6.8539e-08 3.7683e-04 6.8811e-10 7.0349e-15 5.7727e-05 3.2031e-08 2.2518e-05 
4.1687e-02 1308.85 5.7609e-06 1.4539e-01 3.3479e-23 8.3531e-18 2.1994e-16 1.9058e-10 8.5369e-01 4.5957e-04 1.1236e-07 8.2543e-08 3.7684e-04 5.7722e-10 7.1735e-15 5.7728e-05 3.0556e-08 2.2518e-05 
3.4674e-02 1274.79 3.6474e-06 1.4539e-01 7.9975e-24 2.8355e-18 7.6875e-17 1.0777e-10 8.5369e-01 4.5954e-04 1.2148e-07 9.9759e-08 3.7685e-04 4.8411e-10 7.3413e-15 5.7729e-05 2.9171e-08 2.2518e-05 
2.8840e-02 1241.70 2.2800e-06 1.4539e-01 1.8455e-24 9.3608e-19 2.6107e-17 5.9875e-11 8.5369e-01 4.5951e-04 1.3172e-07 1.2208e-07 3.7686e-04 4.0596e-10 7.6105e-15 5.7730e-05 2.7932e-08 2.2518e-05 
2.3988e-02 1210.33 1.4271e-06 1.4539e-01 4.2674e-25 3.0969e-19 8.8902e-18 3.3321e-11 8.5369e-01 4.5947e-04 1.4292e-07 1.4917e-07 3.7688e-04 3.4031e-10 7.8772e-15 5.7730e-05 2.6731e-08 2.2518e-05 
1.9953e-02 1181.29 9.0717e-07 1.4539e-01 1.0263e-25 1.0585e-19 3.1344e-18 1.8940e-11 8.5369e-01 4.5943e-04 1.5487e-07 1.7939e-07 3.7689e-04 2.8514e-10 8.0212e-15 5.7731e-05 2.5476e-08 2.2518e-05 
1.6596e-02 1154.58 5.8825e-07 1.4539e-01 2.5972e-26 3.7731e-20 1.1556e-18 1.1064e-11 8.5369e-01 4.5938e-04 1.6746e-07 2.1137e-07 3.7691e-04 2.3877e-10 7.9975e-15 5.7732e-05 2.4154e-08 2.2518e-05 
1.3804e-02 1130.21 3.9097e-07 1.4539e-01 7.0044e-27 1.4172e-20 4.5032e-19 6.6853e-12 8.5369e-01 4.5934e-04 1.8053e-07 2.4287e-07 3.7693e-04 1.9982e-10 7.7704e-15 5.7732e-05 2.2755e-08 2.2518e-05 
1.1482e-02 1107.77 2.6522e-07 1.4539e-01 1.9912e-27 5.5591e-21 1.8373e-19 4.1543e-12 8.5369e-01 4.5930e-04 1.9414e-07 2.7331e-07 3.7695e-04 1.6715e-10 7.3900e-15 5.7733e-05 2.1323e-08 2.2518e-05 
9.5499e-03 1087.54 1.8549e-07 1.4539e-01 6.1277e-28 2.3272e-21 8.0293e-20 2.6924e-12 8.5369e-01 4.5926e-04 2.0792e-07 2.9812e-07 3.7696e-04 1.3973e-10 6.8055e-15 5.7734e-05 1.9826e-08 2.2518e-05 
7.9433e-03 1069.59 1.3457e-07 1.4539e-01 2.0746e-28 1.0534e-21 3.8101e-20 1.8348e-12 8.5369e-01 4.5923e-04 2.2153e-07 3.1336e-07 3.7696e-04 1.1675e-10 6.0327e-15 5.7735e-05 1.8265e-08 2.2518e-05 
6.6069e-03 1053.75 1.0131e-07 1.4539e-01 7.7367e-29 5.1608e-22 1.9650e-20 1.3157e-12 8.5369e-01 4.5921e-04 2.3477e-07 3.1723e-07 3.7695e-04 9.7500e-11 5.1445e-15 5.7735e-05 1.6671e-08 2.2518e-05 
5.4954e-03 1039.86 7.9145e-08 1.4539e-01 3.1781e-29 2.7364e-22 1.1013e-20 9.9260e-13 8.5369e-01 4.5921e-04 2.4745e-07 3.0934e-07 3.7693e-04 8.1386e-11 4.2210e-15 5.7736e-05 1.5075e-08 2.2518e-05 
4.5709e-03 1027.65 6.3936e-08 1.4539e-01 1.4253e-29 1.5588e-22 6.6562e-21 7.8417e-13 8.5369e-01 4.5921e-04 2.5952e-07 2.9158e-07 3.7690e-04 6.7908e-11 3.3441e-15 5.7737e-05 1.3519e-08 2.2518e-05 
3.8019e-03 1017.06 5.3472e-08 1.4539e-01 6.9994e-30 9.5634e-23 4.3493e-21 6.4975e-13 8.5369e-01 4.5923e-04 2.7075e-07 2.6535e-07 3.7686e-04 5.6639e-11 2.5550e-15 5.7738e-05 1.2020e-08 2.2518e-05 
3.1623e-03 1007.96 4.6249e-08 1.4539e-01 3.7541e-30 6.3053e-23 3.0652e-21 5.6382e-13 8.5369e-01 4.5925e-04 2.8102e-07 2.3341e-07 3.7682e-04 4.7224e-11 1.8848e-15 5.7738e-05 1.0598e-08 2.2518e-05 
2.6303e-03 1000.17 4.1251e-08 1.4539e-01 2.1827e-30 4.4404e-23 2.3151e-21 5.1039e-13 8.5369e-01 4.5927e-04 2.9029e-07 1.9901e-07 3.7678e-04 3.9361e-11 1.3464e-15 5.7739e-05 9.2732e-09 2.2518e-05 
2.1878e-03  993.52 3.7827e-08 1.4539e-01 1.3647e-30 3.3182e-23 1.8610e-21 4.7994e-13 8.5369e-01 4.5930e-04 2.9859e-07 1.6500e-07 3.7674e-04 3.2798e-11 9.3428e-16 5.7740e-05 8.0589e-09 2.2518e-05 
1.8197e-03  987.86 3.5556e-08 1.4539e-01 9.1047e-31 2.6147e-23 1.5817e-21 4.6693e-13 8.5369e-01 4.5932e-04 3.0595e-07 1.3340e-07 3.7670e-04 2.7321e-11 6.3170e-16 5.7740e-05 6.9610e-09 2.2518e-05 
1.5136e-03  983.06 3.4164e-08 1.4539e-01 6.4360e-31 2.1599e-23 1.4126e-21 4.6821e-13 8.5369e-01 4.5935e-04 3.1241e-07 1.0549e-07 3.7666e-04 2.2755e-11 4.1743e-16 5.7741e-05 5.9804e-09 2.2518e-05 
1.2589e-03  979.01 3.3480e-08 1.4539e-01 4.7903e-31 1.8610e-23 1.3187e-21 4.8238e-13 8.5369e-01 4.5936e-04 3.1803e-07 8.1763e-08 3.7663e-04 1.8946e-11 2.7017e-16 5.7741e-05 5.1128e-09 2.2518e-05 
1.0471e-03  975.61 3.3381e-08 1.4539e-01 3.7313e-31 1.6642e-23 1.2800e-21 5.0893e-13 8.5369e-01 4.5938e-04 3.2286e-07 6.2276e-08 3.7661e-04 1.5773e-11 1.7173e-16 5.7742e-05 4.3527e-09 2.2518e-05 
8.7096e-04  972.75 3.3772e-08 1.4539e-01 3.0200e-31 1.5354e-23 1.2838e-21 5.4779e-13 8.5369e-01 4.5939e-04 3.2701e-07 4.6740e-08 3.7659e-04 1.3129e-11 1.0751e-16 5.7742e-05 3.6925e-09 2.2518e-05 
7.2444e-04  970.35 3.4600e-08 1.4539e-01 2.5264e-31 1.4554e-23 1.3247e-21 5.9992e-13 8.5369e-01 4.5940e-04 3.3056e-07 3.4636e-08 3.7657e-04 1.0928e-11 6.6424e-17 5.7742e-05 3.1228e-09 2.2518e-05 
6.0256e-04  968.34 3.5832e-08 1.4539e-01 2.1742e-31 1.4117e-23 1.4005e-21 6.6682e-13 8.5369e-01 4.5940e-04 3.3358e-07 2.5386e-08 3.7656e-04 9.0938e-12 4.0576e-17 5.7742e-05 2.6339e-09 2.2518e-05 
5.0119e-04  966.66 3.7451e-08 1.4539e-01 1.9168e-31 1.3967e-23 1.5116e-21 7.5060e-13 8.5369e-01 4.5941e-04 3.3613e-07 1.8435e-08 3.7655e-04 7.5672e-12 2.4550e-17 5.7743e-05 2.2166e-09 2.2518e-05 
4.1687e-04  965.26 3.9452e-08 1.4539e-01 1.7252e-31 1.4054e-23 1.6606e-21 8.5409e-13 8.5369e-01 4.5941e-04 3.3829e-07 1.3281e-08 3.7654e-04 6.2963e-12 1.4731e-17 5.7743e-05 1.8618e-09 2.2518e-05 
3.4674e-04  964.09 4.1831e-08 1.4539e-01 1.5795e-31 1.4339e-23 1.8512e-21 9.8054e-13 8.5369e-01 4.5941e-04 3.4010e-07 9.5056e-09 3.7654e-04 5.2386e-12 8.7799e-18 5.7743e-05 1.5614e-09 2.2518e-05 
2.8840e-04  963.12 4.4606e-08 1.4539e-01 1.4678e-31 1.4809e-23 2.0902e-21 1.1346e-12 8.5369e-01 4.5942e-04 3.4162e-07 6.7640e-09 3.7653e-04 4.3583e-12 5.2015e-18 5.7743e-05 1.3076e-09 2.2518e-05 
2.3988e-04  962.31 4.7782e-08 1.4539e-01 1.3804e-31 1.5445e-23 2.3844e-21 1.3210e-12 8.5369e-01 4.5942e-04 3.4289e-07 4.7912e-09 3.7653e-04 3.6258e-12 3.0670e-18 5.7743e-05 1.0938e-09 2.2518e-05 
1.9953e-04  961.63 5.1373e-08 1.4539e-01 1.3110e-31 1.6237e-23 2.7427e-21 1.5459e-12 8.5369e-01 4.5942e-04 3.4396e-07 3.3813e-09 3.7653e-04 3.0164e-12 1.8016e-18 5.7743e-05 9.1417e-10 2.2518e-05 
1.6596e-04  961.07 5.5426e-08 1.4539e-01 1.2564e-31 1.7196e-23 3.1796e-21 1.8178e-12 8.5369e-01 4.5942e-04 3.4485e-07 2.3778e-09 3.7653e-04 2.5092e-12 1.0544e-18 5.7743e-05 7.6338e-10 2.2518e-05 
1.3804e-04  960.60 5.9953e-08 1.4539e-01 1.2123e-31 1.8313e-23 3.7076e-21 2.1450e-12 8.5369e-01 4.5942e-04 3.4560e-07 1.6678e-09 3.7652e-04 2.0873e-12 6.1541e-19 5.7743e-05 6.3707e-10 2.2518e-05 
1.1482e-04  960.22 6.5018e-08 1.4539e-01 1.1778e-31 1.9612e-23 4.3483e-21 2.5401e-12 8.5369e-01 4.5942e-04 3.4621e-07 1.1668e-09 3.7652e-04 1.7364e-12 3.5826e-19 5.7743e-05 5.3133e-10 2.2518e-05 
9.5499e-05  959.89 7.0614e-08 1.4539e-01 1.1485e-31 2.1068e-23 5.1168e-21 3.0141e-12 8.5369e-01 4.5942e-04 3.4674e-07 8.1498e-10 3.7652e-04 1.4443e-12 2.0820e-19 5.7744e-05 4.4295e-10 2.2518e-05 
7.9433e-05  959.63 7.6845e-08 1.4539e-01 1.1260e-31 2.2730e-23 6.0483e-21 3.5865e-12 8.5369e-01 4.5942e-04 3.4715e-07 5.6814e-10 3.7652e-04 1.2014e-12 1.2075e-19 5.7744e-05 3.6911e-10 2.2518e-05 
6.6069e-05  959.40 8.3699e-08 1.4539e-01 1.1064e-31 2.4569e-23 7.1633e-21 4.2726e-12 8.5369e-01 4.5942e-04 3.4752e-07 3.9571e-10 3.7652e-04 9.9932e-13 6.9971e-20 5.7744e-05 3.0751e-10 2.2518e-05 
5.4954e-05  959.22 9.1297e-08 1.4539e-01 1.0913e-31 2.6639e-23 8.5116e-21 5.1000e-12 8.5369e-01 4.5942e-04 3.4781e-07 2.7521e-10 3.7652e-04 8.3124e-13 4.0485e-20 5.7744e-05 2.5611e-10 2.2518e-05 
4.5709e-05  959.07 9.9670e-08 1.4539e-01 1.0789e-31 2.8937e-23 1.0133e-20 6.0950e-12 8.5369e-01 4.5942e-04 3.4806e-07 1.9124e-10 3.7652e-04 6.9142e-13 2.3403e-20 5.7744e-05 2.1325e-10 2.2518e-05 
3.8019e-05  958.94 1.0887e-07 1.4539e-01 1.0682e-31 3.1473e-23 1.2080e-20 7.2899e-12 8.5369e-01 4.5942e-04 3.4827e-07 1.3281e-10 3.7652e-04 5.7512e-13 1.3520e-20 5.7744e-05 1.7753e-10 2.2518e-05 
3.1623e-05  958.83 1.1900e-07 1.4539e-01 1.0593e-31 3.4274e-23 1.4419e-20 8.7259e-12 8.5369e-01 4.5942e-04 3.4844e-07 9.2182e-11 3.7652e-04 4.7838e-13 7.8061e-21 5.7744e-05 1.4778e-10 2.2518e-05 
2.6303e-05  958.75 1.3018e-07 1.4539e-01 1.0528e-31 3.7394e-23 1.7245e-20 1.0457e-11 8.5369e-01 4.5942e-04 3.4857e-07 6.3925e-11 3.7652e-04 3.9791e-13 4.5029e-21 5.7744e-05 1.2299e-10 2.2518e-05 
2.1878e-05  958.67 1.4240e-07 1.4539e-01 1.0464e-31 4.0798e-23 2.0625e-20 1.2532e-11 8.5369e-01 4.5942e-04 3.4870e-07 4.4329e-11 3.7652e-04 3.3097e-13 2.5975e-21 5.7744e-05 1.0236e-10 2.2518e-05 
1.8197e-05  958.61 1.5587e-07 1.4539e-01 1.0416e-31 4.4567e-23 2.4700e-20 1.5031e-11 8.5369e-01 4.5942e-04 3.4880e-07 3.0721e-11 3.7652e-04 2.7529e-13 1.4974e-21 5.7744e-05 8.5172e-11 2.2518e-05 
1.5136e-05  958.56 1.7066e-07 1.4539e-01 1.0377e-31 4.8714e-23 2.9598e-20 1.8035e-11 8.5369e-01 4.5941e-04 3.4888e-07 2.1286e-11 3.7652e-04 2.2898e-13 8.6301e-22 5.7744e-05 7.0870e-11 2.2518e-05 
1.2589e-05  958.52 1.8691e-07 1.4539e-01 1.0345e-31 5.3282e-23 3.5494e-20 2.1650e-11 8.5369e-01 4.5941e-04 3.4894e-07 1.4742e-11 3.7652e-04 1.9045e-13 4.9715e-22 5.7744e-05 5.8961e-11 2.2518e-05 
1.0471e-05  958.49 2.0477e-07 1.4539e-01 1.0321e-31 5.8314e-23 4.2589e-20 2.5998e-11 8.5369e-01 4.5941e-04 3.4899e-07 1.0208e-11 3.7652e-04 1.5841e-13 2.8633e-22 5.7744e-05 4.9052e-11 2.2518e-05 
8.7096e-06  958.46 2.2432e-07 1.4539e-01 1.0298e-31 6.3820e-23 5.1102e-20 3.1218e-11 8.5369e-01 4.5941e-04 3.4904e-07 7.0689e-12 3.7652e-04 1.3177e-13 1.6493e-22 5.7744e-05 4.0809e-11 2.2518e-05 
7.2444e-06  958.43 2.4575e-07 1.4539e-01 1.0274e-31 6.9846e-23 6.1317e-20 3.7487e-11 8.5369e-01 4.5941e-04 3.4909e-07 4.8949e-12 3.7652e-04 1.0960e-13 9.4996e-23 5.7744e-05 3.3951e-11 2.2518e-05 
6.0256e-06  958.41 2.6930e-07 1.4539e-01 1.0258e-31 7.6489e-23 7.3623e-20 4.5033e-11 8.5369e-01 4.5941e-04 3.4912e-07 3.3884e-12 3.7652e-04 9.1161e-14 5.4697e-23 5.7744e-05 2.8243e-11 2.2518e-05 
5.0119e-06  958.40 2.9520e-07 1.4539e-01 1.0251e-31 8.3816e-23 8.8457e-20 5.4120e-11 8.5369e-01 4.5941e-04 3.4914e-07 2.3449e-12 3.7652e-04 7.5825e-14 3.1485e-23 5.7744e-05 2.3493e-11 2.2518e-05 
4.1687e-06  958.38 3.2349e-07 1.4539e-01 1.0235e-31 9.1788e-23 1.0621e-19 6.5015e-11 8.5369e-01 4.5941e-04 3.4917e-07 1.6232e-12 3.7652e-04 6.3069e-14 1.8128e-23 5.7744e-05 1.9544e-11 2.2518e-05 
3.4674e-06  958.37 3.5460e-07 1.4539e-01 1.0227e-31 1.0058e-22 1.2761e-19 7.8133e-11 8.5369e-01 4.5941e-04 3.4919e-07 1.1233e-12 3.7652e-04 5.2459e-14 1.0435e-23 5.7744e-05 1.6257e-11 2.2518e-05 
2.8840e-06  958.36 3.8870e-07 1.4539e-01 1.0219e-31 1.1022e-22 1.5332e-19 9.3901e-11 8.5369e-01 4.5941e-04 3.4920e-07 7.7735e-13 3.7652e-04 4.3632e-14 6.0063e-24 5.7744e-05 1.3523e-11 2.2518e-05 
2.3988e-06  958.36 4.2620e-07 1.4539e-01 1.0219e-31 1.2085e-22 1.8433e-19 1.1289e-10 8.5369e-01 4.5941e-04 3.4920e-07 5.3779e-13 3.7652e-04 3.6292e-14 3.4562e-24 5.7744e-05 1.1248e-11 2.2518e-05 
