# This is a final TEA output file with calculated abundances (mixing fractions) for all listed species.
# Units: pressure (bar), temperature (K), abundance (unitless).

#SPECIES
H_g He_ref C_g N_g O_g S_g H2_ref CO_g CO2_g CH4_g H2O_g HCN_g C2H2_g C2H4_g N2_ref NH3_g HS_g H2S_g 

#TEADATA
#Pressure  Temp    H_g        He_ref     C_g        N_g        O_g        S_g        H2_ref     CO_g       CO2_g      CH4_g      H2O_g      HCN_g      C2H2_g     C2H4_g     N2_ref     NH3_g      HS_g       H2S_g      
3.1623e+01 1811.89 6.3419e-05 1.4182e-01 9.1228e-17 4.2411e-13 5.8744e-12 3.3283e-08 8.1328e-01 2.2224e-02 1.3103e-04 1.1936e-04 1.8415e-02 2.5652e-06 1.2415e-08 6.1919e-09 2.8039e-03 3.5509e-05 9.3481e-06 1.0915e-03 
2.6303e+01 1810.94 6.8994e-05 1.4181e-01 8.9722e-17 4.5757e-13 6.9243e-12 3.9551e-08 8.1333e-01 2.2258e-02 1.3108e-04 8.3551e-05 1.8378e-02 2.1429e-06 8.6672e-09 3.6192e-09 2.8069e-03 2.9611e-05 1.0182e-05 1.0906e-03 
2.1878e+01 1810.15 7.5157e-05 1.4180e-01 8.8445e-17 4.9501e-13 8.1912e-12 4.7082e-08 8.1337e-01 2.2283e-02 1.3113e-04 5.8343e-05 1.8351e-02 1.7880e-06 6.0360e-09 2.1079e-09 2.8093e-03 2.4682e-05 1.1101e-05 1.0896e-03 
1.8197e+01 1809.49 8.1959e-05 1.4179e-01 8.7362e-17 5.3669e-13 9.7178e-12 5.6128e-08 8.1339e-01 2.2299e-02 1.3118e-04 4.0662e-05 1.8332e-02 1.4905e-06 4.1960e-09 1.2243e-09 2.8114e-03 2.0566e-05 1.2111e-05 1.0885e-03 
1.5136e+01 1808.95 8.9464e-05 1.4179e-01 8.6466e-17 5.8307e-13 1.1558e-11 6.6994e-08 8.1340e-01 2.2311e-02 1.3122e-04 2.8297e-05 1.8319e-02 1.2418e-06 2.9133e-09 7.0969e-10 2.8132e-03 1.7131e-05 1.3222e-05 1.0873e-03 
1.2589e+01 1808.49 9.7723e-05 1.4179e-01 8.5693e-17 6.3434e-13 1.3770e-11 8.0035e-08 8.1341e-01 2.2320e-02 1.3126e-04 1.9669e-05 1.8309e-02 1.0341e-06 2.0206e-09 4.1068e-10 2.8146e-03 1.4266e-05 1.4441e-05 1.0861e-03 
1.0471e+01 1808.11 1.0681e-04 1.4178e-01 8.5050e-17 6.9105e-13 1.6433e-11 9.5688e-08 8.1341e-01 2.2325e-02 1.3130e-04 1.3659e-05 1.8303e-02 8.6088e-07 1.4005e-09 2.3739e-10 2.8159e-03 1.1878e-05 1.5778e-05 1.0847e-03 
8.7096e+00 1807.79 1.1681e-04 1.4178e-01 8.4504e-17 7.5358e-13 1.9634e-11 1.1446e-07 8.1341e-01 2.2329e-02 1.3133e-04 9.4797e-06 1.8298e-02 7.1653e-07 9.7036e-10 1.3711e-10 2.8169e-03 9.8881e-06 1.7242e-05 1.0832e-03 
7.2444e+00 1807.53 1.2780e-04 1.4178e-01 8.4058e-17 8.2262e-13 2.3486e-11 1.3700e-07 8.1340e-01 2.2332e-02 1.3136e-04 6.5747e-06 1.8295e-02 5.9627e-07 6.7204e-10 7.9123e-11 2.8177e-03 8.2302e-06 1.8847e-05 1.0816e-03 
6.0256e+00 1807.31 1.3987e-04 1.4178e-01 8.3679e-17 8.9861e-13 2.8118e-11 1.6403e-07 8.1339e-01 2.2334e-02 1.3138e-04 4.5578e-06 1.8292e-02 4.9612e-07 4.6530e-10 4.5634e-11 2.8184e-03 6.8494e-06 2.0604e-05 1.0798e-03 
5.0119e+00 1807.13 1.5313e-04 1.4178e-01 8.3367e-17 9.8228e-13 3.3689e-11 1.9644e-07 8.1339e-01 2.2335e-02 1.3140e-04 3.1584e-06 1.8291e-02 4.1276e-07 3.2210e-10 2.6308e-11 2.8190e-03 5.6998e-06 2.2526e-05 1.0778e-03 
4.1687e+00 1806.98 1.6770e-04 1.4177e-01 8.3107e-17 1.0743e-12 4.0388e-11 2.3531e-07 8.1337e-01 2.2336e-02 1.3142e-04 2.1880e-06 1.8289e-02 3.4338e-07 2.2293e-10 1.5160e-11 2.8195e-03 4.7426e-06 2.4627e-05 1.0757e-03 
3.4674e+00 1806.85 1.8367e-04 1.4177e-01 8.2879e-17 1.1753e-12 4.8437e-11 2.8187e-07 8.1336e-01 2.2336e-02 1.3144e-04 1.5154e-06 1.8289e-02 2.8566e-07 1.5429e-10 8.7346e-12 2.8199e-03 3.9460e-06 2.6923e-05 1.0733e-03 
2.8840e+00 1806.72 2.0118e-04 1.4177e-01 8.2651e-17 1.2858e-12 5.8093e-11 3.3758e-07 8.1335e-01 2.2336e-02 1.3145e-04 1.0495e-06 1.8288e-02 2.3762e-07 1.0677e-10 5.0317e-12 2.8202e-03 3.2831e-06 2.9427e-05 1.0707e-03 
2.3988e+00 1806.53 2.2024e-04 1.4177e-01 8.2315e-17 1.4052e-12 6.9594e-11 4.0394e-07 8.1333e-01 2.2336e-02 1.3148e-04 7.2723e-07 1.8287e-02 1.9765e-07 7.3889e-11 2.9002e-12 2.8205e-03 2.7319e-06 3.2145e-05 1.0679e-03 
1.9953e+00 1806.13 2.4067e-04 1.4177e-01 8.1611e-17 1.5300e-12 8.3045e-11 4.8206e-07 8.1331e-01 2.2336e-02 1.3153e-04 5.0483e-07 1.8287e-02 1.6442e-07 5.1158e-11 1.6748e-12 2.8207e-03 2.2742e-06 3.5061e-05 1.0649e-03 
1.6596e+00 1805.28 2.6203e-04 1.4177e-01 8.0131e-17 1.6526e-12 9.8269e-11 5.7229e-07 8.1330e-01 2.2336e-02 1.3164e-04 3.5174e-07 1.8286e-02 1.3677e-07 3.5445e-11 9.7077e-13 2.8209e-03 1.8949e-06 3.8132e-05 1.0617e-03 
1.3804e+00 1803.74 2.8363e-04 1.4176e-01 7.7515e-17 1.7633e-12 1.1479e-10 6.7399e-07 8.1328e-01 2.2336e-02 1.3184e-04 2.4652e-07 1.8286e-02 1.1378e-07 2.4588e-11 5.6610e-13 2.8210e-03 1.5812e-06 4.1292e-05 1.0585e-03 
1.1482e+00 1800.58 3.0286e-04 1.4176e-01 7.2400e-17 1.8279e-12 1.3005e-10 7.7925e-07 8.1326e-01 2.2335e-02 1.3226e-04 1.7517e-07 1.8285e-02 9.4675e-08 1.7108e-11 3.3484e-13 2.8211e-03 1.3239e-06 4.4279e-05 1.0554e-03 
9.5499e-01 1794.95 3.1671e-04 1.4176e-01 6.4070e-17 1.8128e-12 1.4061e-10 8.7603e-07 8.1325e-01 2.2334e-02 1.3301e-04 1.2712e-07 1.8284e-02 7.8795e-08 1.1955e-11 2.0237e-13 2.8212e-03 1.1142e-06 4.6785e-05 1.0527e-03 
7.9433e-01 1786.63 3.2361e-04 1.4176e-01 5.3408e-17 1.7115e-12 1.4433e-10 9.5470e-07 8.1324e-01 2.2333e-02 1.3415e-04 9.4443e-08 1.8283e-02 6.5603e-08 8.3973e-12 1.2531e-13 2.8213e-03 9.4317e-07 4.8633e-05 1.0508e-03 
6.6069e-01 1775.37 3.2218e-04 1.4176e-01 4.1635e-17 1.5292e-12 1.3976e-10 1.0050e-06 8.1325e-01 2.2332e-02 1.3572e-04 7.2037e-08 1.8281e-02 5.4640e-08 5.9314e-12 7.9722e-14 2.8213e-03 8.0361e-07 4.9644e-05 1.0498e-03 
5.4954e-01 1761.10 3.1203e-04 1.4176e-01 3.0228e-17 1.2888e-12 1.2723e-10 1.0197e-06 8.1326e-01 2.2330e-02 1.3777e-04 5.6505e-08 1.8279e-02 4.5528e-08 4.2151e-12 5.2202e-14 2.8214e-03 6.8945e-07 4.9711e-05 1.0497e-03 
4.5709e-01 1742.36 2.8981e-04 1.4176e-01 1.9695e-17 9.9370e-13 1.0542e-10 9.7845e-07 8.1328e-01 2.2327e-02 1.4058e-04 4.6248e-08 1.8276e-02 3.7962e-08 3.0230e-12 3.5712e-14 2.8215e-03 5.9778e-07 4.8342e-05 1.0511e-03 
3.8019e-01 1719.64 2.5861e-04 1.4176e-01 1.1571e-17 7.0375e-13 7.9853e-11 8.8989e-07 8.1331e-01 2.2324e-02 1.4417e-04 3.9425e-08 1.8273e-02 3.1673e-08 2.1873e-12 2.5478e-14 2.8216e-03 5.2354e-07 4.5708e-05 1.0538e-03 
3.1623e-01 1694.10 2.2349e-04 1.4177e-01 6.2567e-18 4.6555e-13 5.6280e-11 7.7516e-07 8.1335e-01 2.2320e-02 1.4845e-04 3.4726e-08 1.8269e-02 2.6441e-08 1.5940e-12 1.8800e-14 2.8217e-03 4.6226e-07 4.2244e-05 1.0574e-03 
2.6303e-01 1666.15 1.8731e-04 1.4177e-01 3.1243e-18 2.8850e-13 3.7021e-11 6.4773e-07 8.1339e-01 2.2316e-02 1.5347e-04 3.1560e-08 1.8264e-02 2.2086e-08 1.1698e-12 1.4329e-14 2.8218e-03 4.1134e-07 3.8192e-05 1.0616e-03 
2.1878e-01 1636.21 1.5247e-04 1.4177e-01 1.4463e-18 1.6802e-13 2.2806e-11 5.2016e-07 8.1342e-01 2.2310e-02 1.5929e-04 2.9552e-08 1.8259e-02 1.8458e-08 8.6413e-13 1.1264e-14 2.8218e-03 3.6876e-07 3.3803e-05 1.0662e-03 
1.8197e-01 1603.03 1.1865e-04 1.4178e-01 5.9566e-19 8.8901e-14 1.2696e-11 3.9284e-07 8.1346e-01 2.2304e-02 1.6631e-04 2.8971e-08 1.8252e-02 1.5439e-08 6.4485e-13 9.2837e-15 2.8219e-03 3.3437e-07 2.8954e-05 1.0712e-03 
1.5136e-01 1567.62 8.8818e-05 1.4178e-01 2.2175e-19 4.3301e-14 6.4763e-12 2.8126e-07 8.1350e-01 2.2296e-02 1.7457e-04 2.9553e-08 1.8244e-02 1.2923e-08 4.8552e-13 7.9733e-15 2.8220e-03 3.0620e-07 2.4098e-05 1.0762e-03 
1.2589e-01 1531.33 6.4686e-05 1.4178e-01 7.6825e-20 1.9886e-14 3.1050e-12 1.9381e-07 8.1353e-01 2.2287e-02 1.8397e-04 3.1004e-08 1.8235e-02 1.0823e-08 3.6783e-13 7.0491e-15 2.8220e-03 2.8235e-07 1.9643e-05 1.0807e-03 
1.0471e-01 1494.55 4.5927e-05 1.4178e-01 2.4896e-20 8.6470e-15 1.4054e-12 1.2887e-07 8.1355e-01 2.2276e-02 1.9462e-04 3.3387e-08 1.8225e-02 9.0683e-09 2.8033e-13 6.4033e-15 2.8221e-03 2.6204e-07 1.5703e-05 1.0847e-03 
8.7096e-02 1457.64 3.1859e-05 1.4178e-01 7.5891e-21 3.5770e-15 6.0354e-13 8.2940e-08 8.1358e-01 2.2264e-02 2.0663e-04 3.6818e-08 1.8213e-02 7.6016e-09 2.1480e-13 5.9620e-15 2.8221e-03 2.4463e-07 1.2330e-05 1.0882e-03 
7.2444e-02 1419.59 2.1263e-05 1.4178e-01 2.0905e-21 1.3621e-15 2.3754e-13 5.0590e-08 8.1360e-01 2.2251e-02 2.2064e-04 4.2229e-08 1.8199e-02 6.3760e-09 1.6602e-13 5.7815e-15 2.8221e-03 2.3060e-07 9.4046e-06 1.0911e-03 
6.0256e-02 1381.49 1.3805e-05 1.4178e-01 5.3537e-22 4.8875e-16 8.7836e-14 2.9691e-08 8.1362e-01 2.2235e-02 2.3666e-04 4.9808e-08 1.8183e-02 5.3500e-09 1.2910e-13 5.7709e-15 2.8222e-03 2.1887e-07 7.0235e-06 1.0935e-03 
5.0119e-02 1344.49 8.8491e-06 1.4179e-01 1.3244e-22 1.7054e-16 3.1545e-14 1.7109e-08 8.1365e-01 2.2217e-02 2.5448e-04 5.9507e-08 1.8165e-02 4.4894e-09 1.0067e-13 5.8377e-15 2.8222e-03 2.0839e-07 5.1922e-06 1.0954e-03 
4.1687e-02 1308.85 5.6243e-06 1.4179e-01 3.2008e-23 5.8405e-17 1.1112e-14 9.7391e-09 8.1367e-01 2.2197e-02 2.7418e-04 7.1689e-08 1.8146e-02 3.7670e-09 7.8632e-14 5.9564e-15 2.8222e-03 1.9880e-07 3.8121e-06 1.0968e-03 
3.4674e-02 1274.79 3.5609e-06 1.4179e-01 7.6484e-24 1.9825e-17 3.8790e-15 5.5121e-09 8.1369e-01 2.2176e-02 2.9580e-04 8.6674e-08 1.8124e-02 3.1604e-09 6.1455e-14 6.1000e-15 2.8222e-03 1.8980e-07 2.7896e-06 1.0978e-03 
2.8840e-02 1241.70 2.2260e-06 1.4179e-01 1.7656e-24 6.5450e-18 1.3155e-15 3.0646e-09 8.1372e-01 2.2151e-02 3.1995e-04 1.0612e-07 1.8100e-02 2.6512e-09 4.8148e-14 6.3288e-15 2.8222e-03 1.8174e-07 2.0215e-06 1.0986e-03 
2.3988e-02 1210.33 1.3933e-06 1.4179e-01 4.0844e-25 2.1653e-18 4.4728e-16 1.7063e-09 8.1374e-01 2.2125e-02 3.4626e-04 1.2972e-07 1.8074e-02 2.2234e-09 3.7700e-14 6.5565e-15 2.8222e-03 1.7393e-07 1.4659e-06 1.0991e-03 
1.9953e-02 1181.29 8.8570e-07 1.4179e-01 9.8275e-26 7.4007e-19 1.5744e-16 9.7018e-10 8.1377e-01 2.2097e-02 3.7415e-04 1.5609e-07 1.8046e-02 1.8638e-09 2.9410e-14 6.6829e-15 2.8222e-03 1.6578e-07 1.0749e-06 1.0995e-03 
1.6596e-02 1154.58 5.7434e-07 1.4179e-01 2.4882e-26 2.6381e-19 5.7945e-17 5.6685e-10 8.1380e-01 2.2068e-02 4.0337e-04 1.8401e-07 1.8017e-02 1.5615e-09 2.2832e-14 6.6700e-15 2.8222e-03 1.5718e-07 7.9974e-07 1.0998e-03 
1.3804e-02 1130.21 3.8174e-07 1.4179e-01 6.7135e-27 9.9089e-20 2.2541e-17 3.4257e-10 8.1383e-01 2.2038e-02 4.3354e-04 2.1155e-07 1.7987e-02 1.3075e-09 1.7625e-14 6.4874e-15 2.8222e-03 1.4808e-07 6.0589e-07 1.1000e-03 
1.1482e-02 1107.77 2.5896e-07 1.4179e-01 1.9094e-27 3.8868e-20 9.1799e-18 2.1290e-10 8.1386e-01 2.2007e-02 4.6476e-04 2.3820e-07 1.7955e-02 1.0942e-09 1.3541e-14 6.1764e-15 2.8222e-03 1.3878e-07 4.6597e-07 1.1001e-03 
9.5499e-03 1087.54 1.8112e-07 1.4179e-01 5.8789e-28 1.6271e-20 4.0045e-18 1.3798e-10 8.1390e-01 2.1975e-02 4.9618e-04 2.5998e-07 1.7924e-02 9.1520e-10 1.0330e-14 5.6937e-15 2.8222e-03 1.2904e-07 3.6653e-07 1.1002e-03 
7.9433e-03 1069.59 1.3140e-07 1.4179e-01 1.9912e-28 7.3652e-21 1.8969e-18 9.4035e-11 8.1393e-01 2.1944e-02 5.2702e-04 2.7339e-07 1.7893e-02 7.6502e-10 7.8173e-15 5.0518e-15 2.8222e-03 1.1888e-07 2.9620e-07 1.1003e-03 
6.6069e-03 1053.75 9.8926e-08 1.4179e-01 7.4283e-29 3.6083e-21 9.7666e-19 6.7430e-11 8.1396e-01 2.1914e-02 5.5685e-04 2.7689e-07 1.7863e-02 6.3910e-10 5.8670e-15 4.3114e-15 2.8222e-03 1.0851e-07 2.4600e-07 1.1004e-03 
5.4954e-03 1039.86 7.7282e-08 1.4179e-01 3.0523e-29 1.9131e-21 5.4653e-19 5.0872e-11 8.1398e-01 2.1886e-02 5.8526e-04 2.7010e-07 1.7835e-02 5.3363e-10 4.3675e-15 3.5397e-15 2.8223e-03 9.8133e-08 2.0996e-07 1.1004e-03 
4.5709e-03 1027.65 6.2432e-08 1.4179e-01 1.3691e-29 1.0898e-21 3.2983e-19 4.0189e-11 8.1401e-01 2.1859e-02 6.1214e-04 2.5467e-07 1.7808e-02 4.4536e-10 3.2275e-15 2.8057e-15 2.8223e-03 8.8007e-08 1.8370e-07 1.1004e-03 
3.8019e-03 1017.06 5.2215e-08 1.4179e-01 6.7250e-30 6.6862e-22 2.1523e-19 3.3300e-11 8.1404e-01 2.1834e-02 6.3703e-04 2.3181e-07 1.7783e-02 3.7152e-10 2.3670e-15 2.1445e-15 2.8223e-03 7.8247e-08 1.6489e-07 1.1004e-03 
3.1623e-03 1007.96 4.5163e-08 1.4179e-01 3.6073e-30 4.4083e-22 1.5151e-19 2.8895e-11 8.1406e-01 2.1812e-02 6.5968e-04 2.0394e-07 1.7760e-02 3.0980e-10 1.7233e-15 1.5824e-15 2.8223e-03 6.8993e-08 1.5173e-07 1.1005e-03 
2.6303e-03 1000.17 4.0283e-08 1.4179e-01 2.0975e-30 3.1045e-22 1.1431e-19 2.6157e-11 8.1408e-01 2.1791e-02 6.8007e-04 1.7391e-07 1.7740e-02 2.5824e-10 1.2463e-15 1.1306e-15 2.8223e-03 6.0373e-08 1.4282e-07 1.1005e-03 
2.1878e-03  993.52 3.6939e-08 1.4179e-01 1.3115e-30 2.3199e-22 9.1802e-20 2.4596e-11 8.1410e-01 2.1773e-02 6.9824e-04 1.4420e-07 1.7722e-02 2.1519e-10 8.9594e-16 7.8466e-16 2.8223e-03 5.2469e-08 1.3722e-07 1.1005e-03 
1.8197e-03  987.86 3.4722e-08 1.4179e-01 8.7500e-31 1.8280e-22 7.7960e-20 2.3928e-11 8.1411e-01 2.1757e-02 7.1429e-04 1.1659e-07 1.7706e-02 1.7926e-10 6.4062e-16 5.3060e-16 2.8223e-03 4.5322e-08 1.3428e-07 1.1005e-03 
1.5136e-03  983.06 3.3363e-08 1.4179e-01 6.1855e-31 1.5101e-22 6.9575e-20 2.3994e-11 8.1413e-01 2.1743e-02 7.2834e-04 9.2203e-08 1.7692e-02 1.4931e-10 4.5594e-16 3.5065e-16 2.8223e-03 3.8938e-08 1.3355e-07 1.1005e-03 
1.2589e-03  979.01 3.2695e-08 1.4179e-01 4.6039e-31 1.3011e-22 6.4910e-20 2.4719e-11 8.1414e-01 2.1731e-02 7.4052e-04 7.1469e-08 1.7680e-02 1.2432e-10 3.2308e-16 2.2697e-16 2.8223e-03 3.3290e-08 1.3477e-07 1.1005e-03 
1.0471e-03  975.61 3.2599e-08 1.4179e-01 3.5863e-31 1.1635e-22 6.2969e-20 2.6079e-11 8.1415e-01 2.1721e-02 7.5099e-04 5.4438e-08 1.7669e-02 1.0350e-10 2.2811e-16 1.4428e-16 2.8223e-03 2.8342e-08 1.3775e-07 1.1005e-03 
8.7096e-04  972.75 3.2981e-08 1.4179e-01 2.9027e-31 1.0734e-22 6.3129e-20 2.8071e-11 8.1416e-01 2.1712e-02 7.5996e-04 4.0860e-08 1.7660e-02 8.6159e-11 1.6056e-16 9.0335e-17 2.8223e-03 2.4043e-08 1.4231e-07 1.1005e-03 
7.2444e-04  970.35 3.3789e-08 1.4179e-01 2.4283e-31 1.0175e-22 6.5113e-20 3.0741e-11 8.1417e-01 2.1704e-02 7.6761e-04 3.0280e-08 1.7652e-02 7.1712e-11 1.1270e-16 5.5816e-17 2.8223e-03 2.0333e-08 1.4841e-07 1.1005e-03 
6.0256e-04  968.34 3.4993e-08 1.4179e-01 2.0898e-31 9.8698e-23 6.8814e-20 3.4169e-11 8.1417e-01 2.1697e-02 7.7411e-04 2.2195e-08 1.7646e-02 5.9680e-11 7.8929e-17 3.4099e-17 2.8223e-03 1.7151e-08 1.5600e-07 1.1005e-03 
5.0119e-04  966.66 3.6574e-08 1.4179e-01 1.8425e-31 9.7648e-23 7.4249e-20 3.8461e-11 8.1418e-01 2.1692e-02 7.7961e-04 1.6118e-08 1.7640e-02 4.9663e-11 5.5168e-17 2.0632e-17 2.8223e-03 1.4434e-08 1.6510e-07 1.1004e-03 
4.1687e-04  965.26 3.8529e-08 1.4179e-01 1.6584e-31 9.8251e-23 8.1549e-20 4.3763e-11 8.1418e-01 2.1687e-02 7.8423e-04 1.1612e-08 1.7636e-02 4.1323e-11 3.8494e-17 1.2381e-17 2.8223e-03 1.2123e-08 1.7575e-07 1.1004e-03 
3.4674e-04  964.09 4.0851e-08 1.4179e-01 1.5183e-31 1.0024e-22 9.0889e-20 5.0242e-11 8.1419e-01 2.1683e-02 7.8813e-04 8.3115e-09 1.7632e-02 3.4383e-11 2.6824e-17 7.3799e-18 2.8223e-03 1.0167e-08 1.8798e-07 1.1004e-03 
2.8840e-04  963.12 4.3562e-08 1.4179e-01 1.4110e-31 1.0353e-22 1.0261e-19 5.8133e-11 8.1419e-01 2.1680e-02 7.9138e-04 5.9145e-09 1.7629e-02 2.8605e-11 1.8667e-17 4.3723e-18 2.8223e-03 8.5143e-09 2.0191e-07 1.1004e-03 
2.3988e-04  962.31 4.6663e-08 1.4179e-01 1.3271e-31 1.0798e-22 1.1703e-19 6.7685e-11 8.1419e-01 2.1677e-02 7.9411e-04 4.1896e-09 1.7626e-02 2.3798e-11 1.2979e-17 2.5782e-18 2.8223e-03 7.1224e-09 2.1761e-07 1.1004e-03 
1.9953e-04  961.63 5.0171e-08 1.4179e-01 1.2604e-31 1.1351e-22 1.3460e-19 7.9207e-11 8.1420e-01 2.1675e-02 7.9641e-04 2.9568e-09 1.7624e-02 1.9799e-11 9.0176e-18 1.5146e-18 2.8223e-03 5.9528e-09 2.3516e-07 1.1004e-03 
1.6596e-04  961.07 5.4129e-08 1.4179e-01 1.2079e-31 1.2022e-22 1.5603e-19 9.3134e-11 8.1420e-01 2.1673e-02 7.9831e-04 2.0793e-09 1.7622e-02 1.6470e-11 6.2601e-18 8.8642e-19 2.8223e-03 4.9709e-09 2.5478e-07 1.1004e-03 
1.3804e-04  960.60 5.8550e-08 1.4179e-01 1.1655e-31 1.2803e-22 1.8192e-19 1.0990e-10 8.1420e-01 2.1672e-02 7.9992e-04 1.4585e-09 1.7620e-02 1.3701e-11 4.3435e-18 5.1740e-19 2.8223e-03 4.1484e-09 2.7657e-07 1.1003e-03 
1.1482e-04  960.22 6.3496e-08 1.4179e-01 1.1323e-31 1.3711e-22 2.1334e-19 1.3014e-10 8.1420e-01 2.1670e-02 8.0122e-04 1.0204e-09 1.7619e-02 1.1398e-11 3.0122e-18 3.0121e-19 2.8223e-03 3.4599e-09 3.0079e-07 1.1003e-03 
9.5499e-05  959.89 6.8961e-08 1.4179e-01 1.1042e-31 1.4729e-22 2.5103e-19 1.5442e-10 8.1420e-01 2.1669e-02 8.0235e-04 7.1272e-10 1.7618e-02 9.4805e-12 2.0880e-18 1.7505e-19 2.8223e-03 2.8844e-09 3.2748e-07 1.1003e-03 
7.9433e-05  959.63 7.5047e-08 1.4179e-01 1.0825e-31 1.5891e-22 2.9671e-19 1.8374e-10 8.1420e-01 2.1668e-02 8.0324e-04 4.9686e-10 1.7617e-02 7.8862e-12 1.4469e-18 1.0153e-19 2.8223e-03 2.4036e-09 3.5708e-07 1.1003e-03 
6.6069e-05  959.40 8.1741e-08 1.4179e-01 1.0637e-31 1.7176e-22 3.5140e-19 2.1888e-10 8.1420e-01 2.1668e-02 8.0403e-04 3.4606e-10 1.7616e-02 6.5598e-12 1.0024e-18 5.8832e-20 2.8223e-03 2.0024e-09 3.8959e-07 1.1002e-03 
5.4954e-05  959.22 8.9160e-08 1.4179e-01 1.0492e-31 1.8624e-22 4.1752e-19 2.6126e-10 8.1420e-01 2.1667e-02 8.0465e-04 2.4069e-10 1.7615e-02 5.4565e-12 6.9428e-19 3.4041e-20 2.8223e-03 1.6677e-09 4.2552e-07 1.1002e-03 
4.5709e-05  959.07 9.7337e-08 1.4179e-01 1.0373e-31 2.0231e-22 4.9706e-19 3.1222e-10 8.1420e-01 2.1666e-02 8.0517e-04 1.6725e-10 1.7615e-02 4.5387e-12 4.8078e-19 1.9678e-20 2.8223e-03 1.3886e-09 4.6506e-07 1.1001e-03 
3.8019e-05  958.94 1.0633e-07 1.4179e-01 1.0271e-31 2.2004e-22 5.9253e-19 3.7341e-10 8.1421e-01 2.1666e-02 8.0562e-04 1.1615e-10 1.7614e-02 3.7753e-12 3.3288e-19 1.1368e-20 2.8223e-03 1.1561e-09 5.0849e-07 1.1001e-03 
3.1623e-05  958.83 1.1621e-07 1.4179e-01 1.0185e-31 2.3962e-22 7.0725e-19 4.4695e-10 8.1421e-01 2.1666e-02 8.0600e-04 8.0619e-11 1.7614e-02 3.1402e-12 2.3046e-19 6.5638e-21 2.8223e-03 9.6232e-10 5.5620e-07 1.1001e-03 
2.6303e-05  958.75 1.2713e-07 1.4179e-01 1.0123e-31 2.6143e-22 8.4586e-19 5.3561e-10 8.1421e-01 2.1665e-02 8.0627e-04 5.5906e-11 1.7614e-02 2.6120e-12 1.5952e-19 3.7864e-21 2.8223e-03 8.0088e-10 6.0879e-07 1.1000e-03 
2.1878e-05  958.67 1.3907e-07 1.4179e-01 1.0061e-31 2.8522e-22 1.0116e-18 6.4186e-10 8.1421e-01 2.1665e-02 8.0655e-04 3.8769e-11 1.7613e-02 2.1726e-12 1.1042e-19 2.1842e-21 2.8223e-03 6.6653e-10 6.6634e-07 1.0999e-03 
1.8197e-05  958.61 1.5222e-07 1.4179e-01 1.0015e-31 3.1158e-22 1.2115e-18 7.6980e-10 8.1421e-01 2.1665e-02 8.0676e-04 2.6868e-11 1.7613e-02 1.8071e-12 7.6415e-20 1.2591e-21 2.8223e-03 5.5462e-10 7.2965e-07 1.0999e-03 
1.5136e-05  958.56 1.6667e-07 1.4179e-01 9.9768e-32 3.4057e-22 1.4517e-18 9.2358e-10 8.1421e-01 2.1665e-02 8.0693e-04 1.8617e-11 1.7613e-02 1.5032e-12 5.2885e-20 7.2569e-22 2.8223e-03 4.6149e-10 7.9913e-07 1.0998e-03 
1.2589e-05  958.52 1.8254e-07 1.4179e-01 9.9464e-32 3.7251e-22 1.7408e-18 1.1086e-09 8.1421e-01 2.1664e-02 8.0707e-04 1.2893e-11 1.7613e-02 1.2502e-12 3.6593e-20 4.1804e-22 2.8223e-03 3.8394e-10 8.7544e-07 1.0997e-03 
1.0471e-05  958.49 1.9997e-07 1.4179e-01 9.9236e-32 4.0768e-22 2.0889e-18 1.3311e-09 8.1421e-01 2.1664e-02 8.0717e-04 8.9278e-12 1.7613e-02 1.0399e-12 2.5321e-20 2.4077e-22 2.8223e-03 3.1941e-10 9.5921e-07 1.0996e-03 
8.7096e-06  958.46 2.1907e-07 1.4179e-01 9.9009e-32 4.4617e-22 2.5064e-18 1.5983e-09 8.1421e-01 2.1664e-02 8.0727e-04 6.1823e-12 1.7613e-02 8.6497e-13 1.7522e-20 1.3869e-22 2.8223e-03 2.6574e-10 1.0510e-06 1.0996e-03 
7.2444e-06  958.43 2.4000e-07 1.4179e-01 9.8783e-32 4.8830e-22 3.0074e-18 1.9191e-09 8.1421e-01 2.1664e-02 8.0738e-04 4.2810e-12 1.7613e-02 7.1947e-13 1.2125e-20 7.9881e-23 2.8223e-03 2.2108e-10 1.1515e-06 1.0995e-03 
6.0256e-06  958.41 2.6300e-07 1.4179e-01 9.8632e-32 5.3475e-22 3.6109e-18 2.3052e-09 8.1421e-01 2.1664e-02 8.0745e-04 2.9634e-12 1.7613e-02 5.9843e-13 8.3891e-21 4.5994e-23 2.8223e-03 1.8391e-10 1.2619e-06 1.0993e-03 
5.0119e-06  958.40 2.8829e-07 1.4179e-01 9.8557e-32 5.8597e-22 4.3384e-18 2.7700e-09 8.1421e-01 2.1664e-02 8.0748e-04 2.0508e-12 1.7612e-02 4.9775e-13 5.8043e-21 2.6475e-23 2.8223e-03 1.5298e-10 1.3832e-06 1.0992e-03 
4.1687e-06  958.38 3.1592e-07 1.4179e-01 9.8406e-32 6.4171e-22 5.2091e-18 3.3272e-09 8.1421e-01 2.1664e-02 8.0755e-04 1.4196e-12 1.7612e-02 4.1401e-13 4.0160e-21 1.5244e-23 2.8223e-03 1.2726e-10 1.5159e-06 1.0991e-03 
3.4674e-06  958.37 3.4630e-07 1.4179e-01 9.8331e-32 7.0318e-22 6.2585e-18 3.9980e-09 8.1421e-01 2.1664e-02 8.0759e-04 9.8245e-13 1.7612e-02 3.4436e-13 2.7786e-21 8.7748e-24 2.8223e-03 1.0586e-10 1.6615e-06 1.0989e-03 
2.8840e-06  958.36 3.7960e-07 1.4179e-01 9.8256e-32 7.7054e-22 7.5196e-18 4.8041e-09 8.1421e-01 2.1664e-02 8.0762e-04 6.7986e-13 1.7612e-02 2.8643e-13 1.9224e-21 5.0506e-24 2.8223e-03 8.8057e-11 1.8212e-06 1.0988e-03 
2.3988e-06  958.36 4.1623e-07 1.4179e-01 9.8256e-32 8.4489e-22 9.0406e-18 5.7749e-09 8.1421e-01 2.1664e-02 8.0762e-04 4.7035e-13 1.7612e-02 2.3824e-13 1.3300e-21 2.9063e-24 2.8223e-03 7.3242e-11 1.9966e-06 1.0986e-03 
