# This is a final TEA output file with calculated abundances (mixing fractions) for all listed species.
# Units: pressure (bar), temperature (K), abundance (unitless).

#SPECIES
H_g He_ref C_g N_g O_g S_g H2_ref CO_g CO2_g CH4_g H2O_g HCN_g C2H2_g C2H4_g N2_ref NH3_g HS_g H2S_g 

#TEADATA
#Pressure  Temp    H_g        He_ref     C_g        N_g        O_g        S_g        H2_ref     CO_g       CO2_g      CH4_g      H2O_g      HCN_g      C2H2_g     C2H4_g     N2_ref     NH3_g      HS_g       H2S_g      
1.0000e+02 2964.76 1.2998e-02 1.4446e-01 5.6074e-09 7.5173e-09 1.0377e-09 4.4169e-07 8.4191e-01 4.3505e-04 1.5549e-09 6.9830e-05 2.1760e-05 1.8248e-05 1.2859e-05 1.7945e-07 4.6325e-05 3.8427e-06 5.3600e-06 1.6572e-05 
8.4975e+01 2964.76 1.4092e-02 1.4438e-01 6.9359e-09 8.1390e-09 9.9589e-10 5.0793e-07 8.4091e-01 4.3883e-04 1.2790e-09 6.2219e-05 1.7724e-05 1.9131e-05 1.4190e-05 1.6805e-07 4.6145e-05 3.2531e-06 5.6785e-06 1.6175e-05 
7.2208e+01 2964.76 1.5277e-02 1.4429e-01 8.5562e-09 8.8085e-09 9.5653e-10 5.8313e-07 8.3982e-01 4.4183e-04 1.0510e-09 5.5279e-05 1.4447e-05 1.9994e-05 1.5572e-05 1.5652e-07 4.5929e-05 2.7525e-06 6.0056e-06 1.5759e-05 
6.1359e+01 2964.76 1.6561e-02 1.4419e-01 1.0521e-08 9.5306e-09 9.2029e-10 6.6827e-07 8.3863e-01 4.4419e-04 8.6386e-10 4.8946e-05 1.1794e-05 2.0823e-05 1.6979e-05 1.4481e-07 4.5689e-05 2.3279e-06 6.3399e-06 1.5325e-05 
5.2140e+01 2964.76 1.7951e-02 1.4409e-01 1.2892e-08 1.0310e-08 8.8747e-10 7.6440e-07 8.3735e-01 4.4601e-04 7.1080e-10 4.3174e-05 9.6502e-06 2.1605e-05 1.8379e-05 1.3300e-07 4.5437e-05 1.9682e-06 6.6799e-06 1.4873e-05 
4.4306e+01 2964.76 1.9458e-02 1.4398e-01 1.5739e-08 1.1153e-08 8.5816e-10 8.7263e-07 8.3596e-01 4.4739e-04 5.8587e-10 3.7931e-05 7.9163e-06 2.2331e-05 1.9745e-05 1.2121e-07 4.5182e-05 1.6636e-06 7.0237e-06 1.4404e-05 
3.7649e+01 2964.76 2.1089e-02 1.4386e-01 1.9142e-08 1.2066e-08 8.3225e-10 9.9411e-07 8.3445e-01 4.4842e-04 4.8391e-10 3.3192e-05 6.5119e-06 2.2994e-05 2.1053e-05 1.0962e-07 4.4931e-05 1.4059e-06 7.3692e-06 1.3918e-05 
3.1993e+01 2964.76 2.2855e-02 1.4373e-01 2.3197e-08 1.3053e-08 8.0950e-10 1.1300e-06 8.3281e-01 4.4915e-04 4.0063e-10 2.8932e-05 5.3718e-06 2.3592e-05 2.2282e-05 9.8399e-08 4.4689e-05 1.1880e-06 7.7141e-06 1.3418e-05 
2.7186e+01 2964.76 2.4767e-02 1.4359e-01 2.8016e-08 1.4124e-08 7.8962e-10 1.2815e-06 8.3105e-01 4.4964e-04 3.3243e-10 2.5124e-05 4.4432e-06 2.4124e-05 2.3419e-05 8.7695e-08 4.4459e-05 1.0037e-06 8.0558e-06 1.2903e-05 
2.3101e+01 2964.76 2.6836e-02 1.4344e-01 3.3731e-08 1.5285e-08 7.7229e-10 1.4498e-06 8.2913e-01 4.4992e-04 2.7645e-10 2.1741e-05 3.6842e-06 2.4592e-05 2.4456e-05 7.7638e-08 4.4243e-05 8.4783e-07 8.3915e-06 1.2375e-05 
1.9630e+01 2964.76 2.9076e-02 1.4328e-01 4.0496e-08 1.6543e-08 7.5719e-10 1.6360e-06 8.2706e-01 4.5002e-04 2.3038e-10 1.8753e-05 3.0617e-06 2.4999e-05 2.5389e-05 6.8318e-08 4.4039e-05 7.1609e-07 8.7182e-06 1.1837e-05 
1.6681e+01 2964.76 3.1499e-02 1.4310e-01 4.8494e-08 1.7907e-08 7.4403e-10 1.8413e-06 8.2481e-01 4.4998e-04 1.9235e-10 1.6128e-05 2.5496e-06 2.5349e-05 2.6218e-05 5.9788e-08 4.3849e-05 6.0473e-07 9.0327e-06 1.1290e-05 
1.4175e+01 2964.76 3.4120e-02 1.4291e-01 5.7940e-08 1.9386e-08 7.3252e-10 2.0666e-06 8.2238e-01 4.4980e-04 1.6086e-10 1.3833e-05 2.1268e-06 2.5647e-05 2.6947e-05 5.2065e-08 4.3671e-05 5.1057e-07 9.3317e-06 1.0736e-05 
1.2045e+01 2964.76 3.6955e-02 1.4270e-01 6.9094e-08 2.0990e-08 7.2241e-10 2.3129e-06 8.1976e-01 4.4949e-04 1.3471e-10 1.1835e-05 1.7766e-06 2.5897e-05 2.7581e-05 4.5138e-08 4.3503e-05 4.3094e-07 9.6119e-06 1.0178e-05 
1.0235e+01 2964.76 4.0020e-02 1.4248e-01 8.2256e-08 2.2728e-08 7.1347e-10 2.5809e-06 8.1692e-01 4.4908e-04 1.1294e-10 1.0103e-05 1.4858e-06 2.6104e-05 2.8127e-05 3.8978e-08 4.3343e-05 3.6362e-07 9.8699e-06 9.6169e-06 
8.6975e+00 2964.76 4.3332e-02 1.4224e-01 9.7775e-08 2.4612e-08 7.0551e-10 2.8711e-06 8.1385e-01 4.4856e-04 9.4798e-11 8.6069e-06 1.2438e-06 2.6272e-05 2.8590e-05 3.3543e-08 4.3191e-05 3.0671e-07 1.0102e-05 9.0570e-06 
7.3907e+00 2964.76 4.6911e-02 1.4198e-01 1.1608e-07 2.6654e-08 6.9836e-10 3.1839e-06 8.1053e-01 4.4794e-04 7.9627e-11 7.3183e-06 1.0419e-06 2.6405e-05 2.8979e-05 2.8773e-08 4.3044e-05 2.5860e-07 1.0306e-05 8.5000e-06 
6.2803e+00 2964.76 5.0776e-02 1.4170e-01 1.3766e-07 2.8867e-08 6.9187e-10 3.5194e-06 8.0695e-01 4.4722e-04 6.6927e-11 6.2118e-06 8.7329e-07 2.6507e-05 2.9301e-05 2.4612e-08 4.2901e-05 2.1793e-07 1.0478e-05 7.9487e-06 
5.3367e+00 2964.76 5.4951e-02 1.4140e-01 1.6311e-07 3.1263e-08 6.8590e-10 3.8774e-06 8.0308e-01 4.4640e-04 5.6278e-11 5.2638e-06 7.3215e-07 2.6580e-05 2.9561e-05 2.0999e-08 4.2759e-05 1.8355e-07 1.0616e-05 7.4059e-06 
4.5349e+00 2964.76 5.9456e-02 1.4107e-01 1.9312e-07 3.3858e-08 6.8035e-10 4.2574e-06 7.9891e-01 4.4548e-04 4.7338e-11 4.4535e-06 6.1391e-07 2.6628e-05 2.9766e-05 1.7874e-08 4.2618e-05 1.5450e-07 1.0717e-05 6.8740e-06 
3.8535e+00 2964.76 6.4316e-02 1.4071e-01 2.2851e-07 3.6669e-08 6.7512e-10 4.6586e-06 7.9440e-01 4.4446e-04 3.9824e-11 3.7622e-06 5.1473e-07 2.6653e-05 2.9922e-05 1.5182e-08 4.2476e-05 1.2996e-07 1.0780e-05 6.3555e-06 
3.2746e+00 2964.76 6.9557e-02 1.4033e-01 2.7023e-07 3.9711e-08 6.7012e-10 5.0797e-06 7.8954e-01 4.4334e-04 3.3506e-11 3.1735e-06 4.3151e-07 2.6657e-05 3.0032e-05 1.2870e-08 4.2332e-05 1.0924e-07 1.0802e-05 5.8529e-06 
2.7826e+00 2964.76 7.5205e-02 1.3992e-01 3.1944e-07 4.3003e-08 6.6527e-10 5.5194e-06 7.8431e-01 4.4211e-04 2.8188e-11 2.6730e-06 3.6161e-07 2.6641e-05 3.0102e-05 1.0889e-08 4.2184e-05 9.1744e-08 1.0784e-05 5.3682e-06 
2.3645e+00 2964.76 8.1290e-02 1.3948e-01 3.7748e-07 4.6566e-08 6.6052e-10 5.9758e-06 7.7867e-01 4.4077e-04 2.3709e-11 2.2481e-06 3.0289e-07 2.6607e-05 3.0133e-05 9.1955e-09 4.2031e-05 7.6980e-08 1.0724e-05 4.9032e-06 
2.0092e+00 2964.76 8.7840e-02 1.3900e-01 4.4595e-07 5.0420e-08 6.5581e-10 6.4467e-06 7.7259e-01 4.3931e-04 1.9937e-11 1.8879e-06 2.5355e-07 2.6555e-05 3.0129e-05 7.7519e-09 4.1872e-05 6.4527e-08 1.0623e-05 4.4597e-06 
1.7073e+00 2964.76 9.4887e-02 1.3849e-01 5.2671e-07 5.4588e-08 6.5108e-10 6.9296e-06 7.6606e-01 4.3773e-04 1.6758e-11 1.5829e-06 2.1209e-07 2.6486e-05 3.0093e-05 6.5234e-09 4.1706e-05 5.4030e-08 1.0481e-05 4.0391e-06 
1.4508e+00 2964.76 1.0246e-01 1.3794e-01 6.2198e-07 5.9094e-08 6.4630e-10 7.4217e-06 7.5904e-01 4.3603e-04 1.4081e-11 1.3252e-06 1.7726e-07 2.6401e-05 3.0024e-05 5.4800e-09 4.1532e-05 4.5188e-08 1.0300e-05 3.6423e-06 
1.2329e+00 2964.76 1.1059e-01 1.3735e-01 7.3436e-07 6.3962e-08 6.4143e-10 7.9200e-06 7.5150e-01 4.3419e-04 1.1826e-11 1.1076e-06 1.4802e-07 2.6299e-05 2.9925e-05 4.5955e-09 4.1350e-05 3.7747e-08 1.0082e-05 3.2703e-06 
1.0476e+00 2964.76 1.1933e-01 1.3671e-01 8.6705e-07 6.9227e-08 6.3643e-10 8.4219e-06 7.4341e-01 4.3220e-04 9.9246e-12 9.2391e-07 1.2345e-07 2.6180e-05 2.9795e-05 3.8459e-09 4.1157e-05 3.1483e-08 9.8295e-06 2.9230e-06 
8.9021e-01 2964.76 1.2869e-01 1.3603e-01 1.0236e-06 7.4913e-08 6.3129e-10 8.9235e-06 7.3473e-01 4.3007e-04 8.3241e-12 7.6931e-07 1.0284e-07 2.6045e-05 2.9634e-05 3.2125e-09 4.0954e-05 2.6221e-08 9.5445e-06 2.6011e-06 
7.5646e-01 2964.76 1.3872e-01 1.3530e-01 1.2083e-06 8.1053e-08 6.2598e-10 9.4215e-06 7.2543e-01 4.2778e-04 6.9767e-12 6.3928e-07 8.5556e-08 2.5893e-05 2.9442e-05 2.6778e-09 4.0740e-05 2.1803e-08 9.2304e-06 2.3041e-06 
6.4281e-01 2964.76 1.4945e-01 1.3452e-01 1.4263e-06 8.7683e-08 6.2049e-10 9.9127e-06 7.1548e-01 4.2533e-04 5.8428e-12 5.3006e-07 7.1076e-08 2.5722e-05 2.9216e-05 2.2272e-09 4.0514e-05 1.8097e-08 8.8908e-06 2.0318e-06 
5.4623e-01 2964.76 1.6091e-01 1.3369e-01 1.6836e-06 9.4839e-08 6.1481e-10 1.0394e-05 7.0486e-01 4.2271e-04 4.8891e-12 4.3846e-07 5.8955e-08 2.5532e-05 2.8956e-05 1.8478e-09 4.0276e-05 1.4993e-08 8.5293e-06 1.7834e-06 
4.6416e-01 2964.76 1.7315e-01 1.3280e-01 1.9871e-06 1.0256e-07 6.0893e-10 1.0861e-05 6.9351e-01 4.1990e-04 4.0875e-12 3.6175e-07 4.8820e-08 2.5321e-05 2.8659e-05 1.5291e-09 4.0026e-05 1.2395e-08 8.1495e-06 1.5581e-06 
3.9442e-01 2964.76 1.8619e-01 1.3185e-01 2.3452e-06 1.1089e-07 6.0287e-10 1.1311e-05 6.8142e-01 4.1691e-04 3.4143e-12 2.9762e-07 4.0356e-08 2.5089e-05 2.8321e-05 1.2616e-09 3.9762e-05 1.0225e-08 7.7555e-06 1.3548e-06 
3.3516e-01 2964.76 2.0007e-01 1.3084e-01 2.7674e-06 1.1988e-07 5.9663e-10 1.1742e-05 6.6856e-01 4.1373e-04 2.8494e-12 2.4412e-07 3.3297e-08 2.4832e-05 2.7939e-05 1.0376e-09 3.9486e-05 8.4142e-09 7.3509e-06 1.1725e-06 
2.8480e-01 2964.76 2.1481e-01 1.2977e-01 3.2651e-06 1.2957e-07 5.9024e-10 1.2150e-05 6.5490e-01 4.1035e-04 2.3757e-12 1.9955e-07 2.7419e-08 2.4550e-05 2.7508e-05 8.5039e-10 3.9198e-05 6.9065e-09 6.9396e-06 1.0099e-06 
2.4201e-01 2964.51 2.3028e-01 1.2865e-01 3.8432e-06 1.3980e-07 5.8281e-10 1.2530e-05 6.4055e-01 4.0680e-04 1.9797e-12 1.6271e-07 2.2541e-08 2.4241e-05 2.7030e-05 6.9493e-10 3.8901e-05 5.6565e-09 6.5281e-06 8.6659e-07 
2.0565e-01 2963.85 2.4637e-01 1.2748e-01 4.5070e-06 1.5041e-07 5.7382e-10 1.2881e-05 6.2564e-01 4.0310e-04 1.6491e-12 1.3240e-07 1.8505e-08 2.3907e-05 2.6504e-05 5.6649e-10 3.8599e-05 4.6238e-09 6.1217e-06 7.4142e-07 
1.7475e-01 2962.85 2.6310e-01 1.2626e-01 5.2684e-06 1.6144e-07 5.6366e-10 1.3201e-05 6.1013e-01 3.9926e-04 1.3733e-12 1.0745e-07 1.5169e-08 2.3544e-05 2.5927e-05 4.6035e-10 3.8292e-05 3.7713e-09 5.7225e-06 6.3232e-07 
1.4850e-01 2961.53 2.8045e-01 1.2500e-01 6.1385e-06 1.7290e-07 5.5253e-10 1.3489e-05 5.9404e-01 3.9527e-04 1.1435e-12 8.6957e-08 1.2416e-08 2.3152e-05 2.5293e-05 3.7281e-10 3.7981e-05 3.0692e-09 5.3331e-06 5.3761e-07 
1.2619e-01 2959.96 2.9845e-01 1.2369e-01 7.1326e-06 1.8486e-07 5.4082e-10 1.3747e-05 5.7735e-01 3.9113e-04 9.5192e-13 7.0121e-08 1.0148e-08 2.2727e-05 2.4598e-05 3.0060e-10 3.7668e-05 2.4913e-09 4.9549e-06 4.5551e-07 
1.0723e-01 2957.23 3.1634e-01 1.2239e-01 8.2030e-06 1.9616e-07 5.2552e-10 1.3970e-05 5.6077e-01 3.8702e-04 7.9336e-13 5.6612e-08 8.2956e-09 2.2283e-05 2.3874e-05 2.4245e-10 3.7368e-05 2.0221e-09 4.5995e-06 3.8649e-07 
9.1116e-02 2949.72 3.3102e-01 1.2132e-01 9.0695e-06 2.0179e-07 4.9502e-10 1.4149e-05 5.4716e-01 3.8365e-04 6.6494e-13 4.6755e-08 6.8295e-09 2.1897e-05 2.3297e-05 1.9988e-10 3.7135e-05 1.6595e-09 4.3065e-06 3.3510e-07 
7.7426e-02 2937.53 3.4214e-01 1.2051e-01 9.6475e-06 2.0130e-07 4.5193e-10 1.4296e-05 5.3686e-01 3.8109e-04 5.6044e-13 3.9599e-08 5.6663e-09 2.1590e-05 2.2906e-05 1.6898e-10 3.6968e-05 1.3790e-09 4.0725e-06 2.9741e-07 
6.5793e-02 2920.75 3.4942e-01 1.1999e-01 9.8758e-06 1.9469e-07 3.9975e-10 1.4419e-05 5.3011e-01 3.7942e-04 4.7502e-13 3.4467e-08 4.7404e-09 2.1375e-05 2.2732e-05 1.4685e-10 3.6868e-05 1.1618e-09 3.8941e-06 2.7065e-07 
5.5908e-02 2899.48 3.5265e-01 1.1975e-01 9.7254e-06 1.8249e-07 3.4244e-10 1.4526e-05 5.2711e-01 3.7868e-04 4.0497e-13 3.0879e-08 4.0016e-09 2.1262e-05 2.2790e-05 1.3142e-10 3.6838e-05 9.9336e-10 3.7687e-06 2.5287e-07 
4.7508e-02 2873.80 3.5166e-01 1.1982e-01 9.2018e-06 1.6567e-07 2.8397e-10 1.4621e-05 5.2803e-01 3.7891e-04 3.4746e-13 2.8502e-08 3.4110e-09 2.1248e-05 2.3082e-05 1.2120e-10 3.6882e-05 8.6264e-10 3.6945e-06 2.4290e-07 
4.0370e-02 2844.07 3.4659e-01 1.2019e-01 8.3687e-06 1.4578e-07 2.2828e-10 1.4708e-05 5.3273e-01 3.8007e-04 3.0017e-13 2.7065e-08 2.9368e-09 2.1320e-05 2.3582e-05 1.1495e-10 3.7002e-05 7.6050e-10 3.6679e-06 2.3972e-07 
3.4305e-02 2810.51 3.3750e-01 1.2085e-01 7.3068e-06 1.2432e-07 1.7798e-10 1.4787e-05 5.4115e-01 3.8216e-04 2.6129e-13 2.6404e-08 2.5552e-09 2.1457e-05 2.4255e-05 1.1188e-10 3.7207e-05 6.8043e-10 3.6878e-06 2.4306e-07 
2.9150e-02 2773.19 3.2442e-01 1.2180e-01 6.1071e-06 1.0259e-07 1.3447e-10 1.4856e-05 5.5328e-01 3.8517e-04 2.2939e-13 2.6444e-08 2.2476e-09 2.1641e-05 2.5067e-05 1.1155e-10 3.7503e-05 6.1766e-10 3.7556e-06 2.5332e-07 
2.4771e-02 2732.13 3.0740e-01 1.2304e-01 4.8676e-06 8.1725e-08 9.8285e-11 1.4911e-05 5.6906e-01 3.8909e-04 2.0331e-13 2.7169e-08 1.9997e-09 2.1850e-05 2.5978e-05 1.1378e-10 3.7901e-05 5.6870e-10 3.8746e-06 2.7159e-07 
2.1049e-02 2687.40 2.8667e-01 1.2455e-01 3.6866e-06 6.2703e-08 6.9349e-11 1.4942e-05 5.8827e-01 3.9385e-04 1.8196e-13 2.8598e-08 1.7984e-09 2.2062e-05 2.6944e-05 1.1848e-10 3.8403e-05 5.3051e-10 4.0483e-06 2.9956e-07 
1.7886e-02 2639.98 2.6342e-01 1.2624e-01 2.6686e-06 4.6539e-08 4.7435e-11 1.4943e-05 6.0983e-01 3.9920e-04 1.6418e-13 3.0640e-08 1.6300e-09 2.2246e-05 2.7900e-05 1.2515e-10 3.8991e-05 4.9933e-10 4.2707e-06 3.3795e-07 
1.5199e-02 2593.58 2.4113e-01 1.2786e-01 1.9157e-06 3.4356e-08 3.2301e-11 1.4922e-05 6.3050e-01 4.0432e-04 1.4827e-13 3.2690e-08 1.4751e-09 2.2363e-05 2.8735e-05 1.3143e-10 3.9582e-05 4.6846e-10 4.4996e-06 3.8102e-07 
1.2915e-02 2548.20 2.1992e-01 1.2940e-01 1.3651e-06 2.5229e-08 2.1888e-11 1.4878e-05 6.5016e-01 4.0920e-04 1.3393e-13 3.4748e-08 1.3321e-09 2.2425e-05 2.9472e-05 1.3738e-10 4.0168e-05 4.3802e-10 4.7343e-06 4.2919e-07 
1.0975e-02 2503.84 1.9986e-01 1.3086e-01 9.6608e-07 1.8431e-08 1.4755e-11 1.4810e-05 6.6875e-01 4.1381e-04 1.2095e-13 3.6824e-08 1.2000e-09 2.2439e-05 3.0129e-05 1.4309e-10 4.0743e-05 4.0828e-10 4.9742e-06 4.8305e-07 
9.3260e-03 2460.50 1.8103e-01 1.3223e-01 6.7949e-07 1.3398e-08 9.8947e-12 1.4718e-05 6.8621e-01 4.1814e-04 1.0916e-13 3.8919e-08 1.0781e-09 2.2413e-05 3.0722e-05 1.4860e-10 4.1303e-05 3.7934e-10 5.2182e-06 5.4311e-07 
7.9248e-03 2418.18 1.6344e-01 1.3351e-01 4.7520e-07 9.6936e-09 6.6013e-12 1.4602e-05 7.0251e-01 4.2218e-04 9.8438e-14 4.1036e-08 9.6600e-10 2.2351e-05 3.1263e-05 1.5393e-10 4.1843e-05 3.5139e-10 5.4658e-06 6.0998e-07 
6.7342e-03 2376.87 1.4712e-01 1.3469e-01 3.3055e-07 6.9812e-09 4.3819e-12 1.4461e-05 7.1764e-01 4.2593e-04 8.8693e-14 4.3181e-08 8.6319e-10 2.2259e-05 3.1760e-05 1.5915e-10 4.2362e-05 3.2458e-10 5.7159e-06 6.8435e-07 
5.7224e-03 2336.59 1.3207e-01 1.3579e-01 2.2888e-07 5.0074e-09 2.8952e-12 1.4297e-05 7.3160e-01 4.2940e-04 7.9831e-14 4.5349e-08 7.6924e-10 2.2140e-05 3.2219e-05 1.6425e-10 4.2857e-05 2.9900e-10 5.9674e-06 7.6678e-07 
4.8626e-03 2297.33 1.1826e-01 1.3679e-01 1.5780e-07 3.5780e-09 1.9047e-12 1.4109e-05 7.4440e-01 4.3257e-04 7.1782e-14 4.7544e-08 6.8376e-10 2.1997e-05 3.2646e-05 1.6924e-10 4.3328e-05 2.7472e-10 6.2193e-06 8.5799e-07 
4.1320e-03 2259.09 1.0565e-01 1.3771e-01 1.0839e-07 2.5480e-09 1.2481e-12 1.3899e-05 7.5609e-01 4.3547e-04 6.4482e-14 4.9765e-08 6.0632e-10 2.1833e-05 3.3045e-05 1.7415e-10 4.3775e-05 2.5182e-10 6.4704e-06 9.5865e-07 
3.5112e-03 2221.86 9.4188e-02 1.3854e-01 7.4201e-08 1.8088e-09 8.1489e-13 1.3668e-05 7.6671e-01 4.3810e-04 5.7870e-14 5.2014e-08 5.3644e-10 2.1650e-05 3.3418e-05 1.7898e-10 4.4197e-05 2.3033e-10 6.7195e-06 1.0695e-06 
2.9837e-03 2185.66 8.3832e-02 1.3929e-01 5.0668e-08 1.2811e-09 5.3054e-13 1.3418e-05 7.7631e-01 4.4048e-04 5.1889e-14 5.4281e-08 4.7362e-10 2.1452e-05 3.3769e-05 1.8370e-10 4.4596e-05 2.1023e-10 6.9651e-06 1.1911e-06 
2.5354e-03 2150.48 7.4509e-02 1.3997e-01 3.4528e-08 9.0548e-10 3.4459e-13 1.3149e-05 7.8496e-01 4.4263e-04 4.6485e-14 5.6563e-08 4.1734e-10 2.1239e-05 3.4099e-05 1.8831e-10 4.4971e-05 1.9152e-10 7.2057e-06 1.3239e-06 
2.1544e-03 2116.31 6.6147e-02 1.4058e-01 2.3494e-08 6.3903e-10 2.2339e-13 1.2865e-05 7.9271e-01 4.4455e-04 4.1610e-14 5.8855e-08 3.6709e-10 2.1015e-05 3.4410e-05 1.9279e-10 4.5325e-05 1.7416e-10 7.4399e-06 1.4686e-06 
1.8307e-03 2083.17 5.8680e-02 1.4112e-01 1.5977e-08 4.5066e-10 1.4467e-13 1.2566e-05 7.9963e-01 4.4627e-04 3.7218e-14 6.1143e-08 3.2237e-10 2.0781e-05 3.4703e-05 1.9711e-10 4.5658e-05 1.5811e-10 7.6661e-06 1.6253e-06 
1.5557e-03 2051.05 5.2034e-02 1.4161e-01 1.0866e-08 3.1775e-10 9.3645e-14 1.2255e-05 8.0579e-01 4.4779e-04 3.3267e-14 6.3420e-08 2.8269e-10 2.0539e-05 3.4980e-05 2.0125e-10 4.5971e-05 1.4332e-10 7.8826e-06 1.7943e-06 
1.3219e-03 2019.94 4.6136e-02 1.4203e-01 7.3954e-09 2.2413e-10 6.0625e-14 1.1935e-05 8.1126e-01 4.4915e-04 2.9712e-14 6.5666e-08 2.4754e-10 2.0290e-05 3.5242e-05 2.0516e-10 4.6266e-05 1.2972e-10 8.0881e-06 1.9756e-06 
1.1233e-03 1989.86 4.0922e-02 1.4241e-01 5.0429e-09 1.5829e-10 3.9294e-14 1.1608e-05 8.1609e-01 4.5035e-04 2.6520e-14 6.7863e-08 2.1651e-10 2.0037e-05 3.5490e-05 2.0879e-10 4.6543e-05 1.1724e-10 8.2808e-06 2.1687e-06 
9.5455e-04 1960.79 3.6319e-02 1.4275e-01 3.4471e-09 1.1199e-10 2.5511e-14 1.1276e-05 8.2036e-01 4.5141e-04 2.3656e-14 6.9995e-08 1.8915e-10 1.9781e-05 3.5725e-05 2.1211e-10 4.6804e-05 1.0582e-10 8.4596e-06 2.3733e-06 
8.1113e-04 1932.75 3.2273e-02 1.4304e-01 2.3654e-09 7.9468e-11 1.6609e-14 1.0943e-05 8.2411e-01 4.5234e-04 2.1085e-14 7.2023e-08 1.6507e-10 1.9523e-05 3.5947e-05 2.1501e-10 4.7049e-05 9.5384e-11 8.6230e-06 2.5881e-06 
6.8926e-04 1905.72 2.8719e-02 1.4330e-01 1.6303e-09 5.6579e-11 1.0850e-14 1.0612e-05 8.2740e-01 4.5315e-04 1.8782e-14 7.3930e-08 1.4392e-10 1.9265e-05 3.6158e-05 2.1748e-10 4.7281e-05 8.5865e-11 8.7703e-06 2.8121e-06 
5.8570e-04 1879.72 2.5608e-02 1.4353e-01 1.1303e-09 4.0467e-11 7.1201e-15 1.0286e-05 8.3029e-01 4.5387e-04 1.6717e-14 7.5673e-08 1.2536e-10 1.9008e-05 3.6358e-05 2.1941e-10 4.7499e-05 7.7192e-11 8.9006e-06 3.0434e-06 
4.9770e-04 1854.73 2.2887e-02 1.4372e-01 7.8880e-10 2.9092e-11 4.6965e-15 9.9663e-06 8.3281e-01 4.5450e-04 1.4868e-14 7.7226e-08 1.0910e-10 1.8754e-05 3.6548e-05 2.2075e-10 4.7705e-05 6.9303e-11 9.0136e-06 3.2804e-06 
4.2292e-04 1830.77 2.0516e-02 1.4390e-01 5.5499e-10 2.1048e-11 3.1179e-15 9.6578e-06 8.3501e-01 4.5504e-04 1.3212e-14 7.8541e-08 9.4872e-11 1.8502e-05 3.6728e-05 2.2139e-10 4.7899e-05 6.2135e-11 9.1091e-06 3.5200e-06 
3.5938e-04 1807.82 1.8449e-02 1.4405e-01 3.9397e-10 1.5335e-11 2.0845e-15 9.3623e-06 8.3692e-01 4.5552e-04 1.1730e-14 7.9591e-08 8.2434e-11 1.8255e-05 3.6899e-05 2.2131e-10 4.8082e-05 5.5631e-11 9.1876e-06 3.7603e-06 
3.0539e-04 1785.90 1.6655e-02 1.4418e-01 2.8263e-10 1.1266e-11 1.4054e-15 9.0834e-06 8.3859e-01 4.5593e-04 1.0405e-14 8.0324e-08 7.1569e-11 1.8014e-05 3.7062e-05 2.2038e-10 4.8255e-05 4.9734e-11 9.2496e-06 3.9974e-06 
2.5950e-04 1764.99 1.5099e-02 1.4429e-01 2.0508e-10 8.3506e-12 9.5614e-16 8.8232e-06 8.4003e-01 4.5629e-04 9.2190e-15 8.0710e-08 6.2086e-11 1.7779e-05 3.7215e-05 2.1858e-10 4.8418e-05 4.4394e-11 9.2960e-06 4.2287e-06 
2.2051e-04 1745.10 1.3753e-02 1.4439e-01 1.5072e-10 6.2525e-12 6.5718e-16 8.5844e-06 8.4128e-01 4.5660e-04 8.1593e-15 8.0713e-08 5.3817e-11 1.7550e-05 3.7361e-05 2.1585e-10 4.8571e-05 3.9564e-11 9.3282e-06 4.4505e-06 
1.8738e-04 1726.24 1.2593e-02 1.4447e-01 1.1238e-10 4.7348e-12 4.5691e-16 8.3701e-06 8.4235e-01 4.5686e-04 7.2124e-15 8.0293e-08 4.6613e-11 1.7330e-05 3.7498e-05 2.1212e-10 4.8715e-05 3.5200e-11 9.3474e-06 4.6587e-06 
1.5923e-04 1708.39 1.1596e-02 1.4455e-01 8.5062e-11 3.6285e-12 3.2153e-16 8.1815e-06 8.4328e-01 4.5709e-04 6.3671e-15 7.9439e-08 4.0340e-11 1.7117e-05 3.7628e-05 2.0740e-10 4.8850e-05 3.1263e-11 9.3555e-06 4.8504e-06 
1.3531e-04 1691.56 1.0745e-02 1.4461e-01 6.5470e-11 2.8174e-12 2.2929e-16 8.0215e-06 8.4406e-01 4.5729e-04 5.6129e-15 7.8126e-08 3.4883e-11 1.6914e-05 3.7750e-05 2.0167e-10 4.8976e-05 2.7715e-11 9.3538e-06 5.0216e-06 
1.1498e-04 1675.76 1.0023e-02 1.4466e-01 5.1318e-11 2.2194e-12 1.6591e-16 7.8927e-06 8.4473e-01 4.5745e-04 4.9400e-15 7.6337e-08 3.0137e-11 1.6721e-05 3.7865e-05 1.9493e-10 4.9093e-05 2.4520e-11 9.3441e-06 5.1683e-06 
9.7701e-05 1660.97 9.4168e-03 1.4470e-01 4.0996e-11 1.7746e-12 1.2188e-16 7.7963e-06 8.4530e-01 4.5759e-04 4.3406e-15 7.4089e-08 2.6012e-11 1.6537e-05 3.7972e-05 1.8725e-10 4.9203e-05 2.1649e-11 9.3280e-06 5.2877e-06 
8.3022e-05 1647.20 8.9142e-03 1.4474e-01 3.3427e-11 1.4420e-12 9.1008e-17 7.7346e-06 8.4576e-01 4.5771e-04 3.8074e-15 7.1396e-08 2.2432e-11 1.6364e-05 3.8071e-05 1.7869e-10 4.9304e-05 1.9073e-11 9.3065e-06 5.3765e-06 
7.0548e-05 1634.46 8.5074e-03 1.4477e-01 2.7859e-11 1.1921e-12 6.9153e-17 7.7101e-06 8.4614e-01 4.5780e-04 3.3332e-15 6.8274e-08 1.9326e-11 1.6203e-05 3.8163e-05 1.6932e-10 4.9396e-05 1.6766e-11 9.2807e-06 5.4314e-06 
5.9948e-05 1622.73 8.1875e-03 1.4479e-01 2.3749e-11 1.0032e-12 5.3500e-17 7.7241e-06 8.4644e-01 4.5788e-04 2.9125e-15 6.4778e-08 1.6633e-11 1.6052e-05 3.8247e-05 1.5928e-10 4.9481e-05 1.4703e-11 9.2511e-06 5.4506e-06 
5.0941e-05 1612.02 7.9499e-03 1.4481e-01 2.0736e-11 8.6034e-13 4.2186e-17 7.7792e-06 8.4666e-01 4.5793e-04 2.5395e-15 6.0953e-08 1.4300e-11 1.5913e-05 3.8324e-05 1.4870e-10 4.9557e-05 1.2862e-11 9.2175e-06 5.4317e-06 
4.3288e-05 1602.33 7.7911e-03 1.4482e-01 1.8563e-11 7.5246e-13 3.3932e-17 7.8775e-06 8.4680e-01 4.5797e-04 2.2095e-15 5.6860e-08 1.2282e-11 1.5787e-05 3.8393e-05 1.3772e-10 4.9625e-05 1.1224e-11 9.1795e-06 5.3733e-06 
3.6784e-05 1593.66 7.7094e-03 1.4483e-01 1.7056e-11 6.7170e-13 2.7863e-17 8.0213e-06 8.4688e-01 4.5799e-04 1.9180e-15 5.2566e-08 1.0536e-11 1.5672e-05 3.8454e-05 1.2649e-10 4.9684e-05 9.7681e-12 9.1357e-06 5.2742e-06 
3.1257e-05 1586.01 7.7049e-03 1.4483e-01 1.6098e-11 6.1243e-13 2.3374e-17 8.2130e-06 8.4688e-01 4.5799e-04 1.6610e-15 4.8147e-08 9.0285e-12 1.5571e-05 3.8508e-05 1.1519e-10 4.9735e-05 8.4779e-12 9.0839e-06 5.1343e-06 
2.6561e-05 1579.39 7.7806e-03 1.4482e-01 1.5625e-11 5.7082e-13 2.0049e-17 8.4550e-06 8.4681e-01 4.5797e-04 1.4348e-15 4.3676e-08 7.7272e-12 1.5482e-05 3.8553e-05 1.0397e-10 4.9778e-05 7.3374e-12 9.0215e-06 4.9539e-06 
2.2570e-05 1573.78 7.9393e-03 1.4481e-01 1.5599e-11 5.4395e-13 1.7585e-17 8.7484e-06 8.4667e-01 4.5793e-04 1.2364e-15 3.9235e-08 6.6052e-12 1.5405e-05 3.8589e-05 9.3000e-11 4.9811e-05 6.3321e-12 8.9449e-06 4.7353e-06 
1.9179e-05 1564.09 7.7426e-03 1.4483e-01 1.3776e-11 4.7074e-13 1.3996e-17 8.8271e-06 8.4685e-01 4.5798e-04 1.0772e-15 3.6768e-08 5.6766e-12 1.5276e-05 3.8660e-05 8.6490e-11 4.9882e-05 5.5328e-12 8.9040e-06 4.6996e-06 
1.6298e-05 1560.52 8.0716e-03 1.4480e-01 1.4574e-11 4.6948e-13 1.2854e-17 9.2259e-06 8.4654e-01 4.5790e-04 9.2345e-16 3.2378e-08 4.8404e-12 1.5225e-05 3.8680e-05 7.5958e-11 4.9897e-05 4.7470e-12 8.7959e-06 4.4053e-06 
1.3849e-05 1557.97 8.5090e-03 1.4477e-01 1.5891e-11 4.7949e-13 1.2091e-17 9.6802e-06 8.4614e-01 4.5780e-04 7.8943e-16 2.8213e-08 4.1216e-12 1.5187e-05 3.8691e-05 6.6065e-11 4.9904e-05 4.0600e-12 8.6604e-06 4.0816e-06 
1.1768e-05 1556.44 9.0716e-03 1.4473e-01 1.7863e-11 5.0159e-13 1.1651e-17 1.0189e-05 8.4562e-01 4.5767e-04 6.7297e-16 2.4326e-08 3.5046e-12 1.5163e-05 3.8692e-05 5.6904e-11 4.9900e-05 3.4615e-12 8.4920e-06 3.7347e-06 
1.0000e-05 1555.93 9.7812e-03 1.4468e-01 2.0706e-11 5.3749e-13 1.1502e-17 1.0750e-05 8.4496e-01 4.5751e-04 5.7209e-16 2.0752e-08 2.9757e-12 1.5151e-05 3.8683e-05 4.8535e-11 4.9885e-05 2.9418e-12 8.2858e-06 3.3720e-06 
