# This is a final TEA output file with calculated abundances (mixing fractions) for all listed species.
# Units: pressure (bar), temperature (K), abundance (unitless).

#SPECIES
H_g He_ref C_g N_g O_g S_g H2_ref CO_g CO2_g CH4_g H2O_g HCN_g C2H2_g C2H4_g N2_ref NH3_g HS_g H2S_g 

#TEADATA
#Pressure  Temp    H_g        He_ref     C_g        N_g        O_g        S_g        H2_ref     CO_g       CO2_g      CH4_g      H2O_g      HCN_g      C2H2_g     C2H4_g     N2_ref     NH3_g      HS_g       H2S_g      
3.1623e+01 1811.89 6.4679e-05 1.4475e-01 9.0146e-17 1.9053e-13 1.1886e-12 6.5177e-09 8.4592e-01 4.4433e-03 5.3005e-06 1.2760e-04 3.8756e-03 1.1613e-06 1.2608e-08 6.5408e-09 5.6586e-04 1.6922e-05 1.8669e-06 2.2232e-04 
2.6303e+01 1810.94 7.0365e-05 1.4474e-01 8.9939e-17 2.0571e-13 1.3904e-12 7.7452e-09 8.4597e-01 4.4801e-03 5.2976e-06 9.0610e-05 3.8381e-03 9.8489e-07 9.0588e-09 3.9345e-09 5.6730e-04 1.4122e-05 2.0336e-06 2.2213e-04 
2.1878e+01 1810.15 7.6650e-05 1.4473e-01 8.9590e-17 2.2268e-13 1.6355e-12 9.2202e-09 8.4600e-01 4.5067e-03 5.2954e-06 6.3936e-05 3.8111e-03 8.3091e-07 6.4418e-09 2.3399e-09 5.6851e-04 1.1778e-05 2.2171e-06 2.2194e-04 
1.8197e+01 1809.49 8.3587e-05 1.4472e-01 8.9159e-17 2.4156e-13 1.9325e-12 1.0992e-08 8.4602e-01 4.5257e-03 5.2941e-06 4.4895e-05 3.7917e-03 6.9826e-07 4.5457e-09 1.3796e-09 5.6953e-04 9.8191e-06 2.4190e-06 2.2172e-04 
1.5136e+01 1808.95 9.1241e-05 1.4472e-01 8.8717e-17 2.6255e-13 2.2917e-12 1.3120e-08 8.4603e-01 4.5391e-03 5.2935e-06 3.1410e-05 3.7780e-03 5.8513e-07 3.1900e-09 8.0827e-10 5.7039e-04 8.1828e-06 2.6408e-06 2.2149e-04 
1.2589e+01 1808.49 9.9664e-05 1.4472e-01 8.8257e-17 2.8574e-13 2.7248e-12 1.5674e-08 8.4604e-01 4.5486e-03 5.2933e-06 2.1915e-05 3.7683e-03 4.8927e-07 2.2292e-09 4.7127e-10 5.7111e-04 6.8167e-06 2.8843e-06 2.2124e-04 
1.0471e+01 1808.11 1.0893e-04 1.4471e-01 8.7827e-17 3.1138e-13 3.2470e-12 1.8740e-08 8.4604e-01 4.5553e-03 5.2935e-06 1.5259e-05 3.7615e-03 4.0852e-07 1.5534e-09 2.7386e-10 5.7171e-04 5.6773e-06 3.1514e-06 2.2096e-04 
8.7096e+00 1807.79 1.1913e-04 1.4471e-01 8.7425e-17 3.3964e-13 3.8755e-12 2.2418e-08 8.4604e-01 4.5599e-03 5.2939e-06 1.0610e-05 3.7567e-03 3.4074e-07 1.0803e-09 1.5876e-10 5.7221e-04 4.7274e-06 3.4440e-06 2.2066e-04 
7.2444e+00 1807.53 1.3033e-04 1.4471e-01 8.7077e-17 3.7084e-13 4.6327e-12 2.6833e-08 8.4603e-01 4.5632e-03 5.2944e-06 7.3682e-06 3.7534e-03 2.8398e-07 7.5011e-10 9.1858e-11 5.7262e-04 3.9356e-06 3.7647e-06 2.2034e-04 
6.0256e+00 1807.31 1.4265e-04 1.4471e-01 8.6763e-17 4.0516e-13 5.5435e-12 3.2128e-08 8.4602e-01 4.5654e-03 5.2949e-06 5.1125e-06 3.7510e-03 2.3654e-07 5.2030e-10 5.3075e-11 5.7297e-04 3.2759e-06 4.1157e-06 2.1998e-04 
5.0119e+00 1807.13 1.5617e-04 1.4471e-01 8.6495e-17 4.4295e-13 6.6395e-12 3.8479e-08 8.4601e-01 4.5670e-03 5.2954e-06 3.5450e-06 3.7494e-03 1.9695e-07 3.6063e-10 3.0636e-11 5.7326e-04 2.7265e-06 4.4998e-06 2.1958e-04 
4.1687e+00 1806.98 1.7103e-04 1.4470e-01 8.6262e-17 4.8451e-13 7.9578e-12 4.6093e-08 8.4600e-01 4.5680e-03 5.2959e-06 2.4569e-06 3.7482e-03 1.6394e-07 2.4982e-10 1.7670e-11 5.7350e-04 2.2689e-06 4.9199e-06 2.1915e-04 
3.4674e+00 1806.85 1.8732e-04 1.4470e-01 8.6053e-17 5.3012e-13 9.5422e-12 5.5216e-08 8.4599e-01 4.5688e-03 5.2964e-06 1.7022e-06 3.7474e-03 1.3643e-07 1.7300e-10 1.0187e-11 5.7370e-04 1.8880e-06 5.3787e-06 2.1868e-04 
2.8840e+00 1806.72 2.0517e-04 1.4470e-01 8.5834e-17 5.8002e-13 1.1443e-11 6.6133e-08 8.4597e-01 4.5693e-03 5.2969e-06 1.1791e-06 3.7468e-03 1.1352e-07 1.1977e-10 5.8708e-12 5.7386e-04 1.5709e-06 5.8793e-06 2.1817e-04 
2.3988e+00 1806.53 2.2461e-04 1.4470e-01 8.5498e-17 6.3392e-13 1.3708e-11 7.9136e-08 8.4595e-01 4.5696e-03 5.2978e-06 8.1715e-07 3.7464e-03 9.4452e-08 8.2911e-11 3.3848e-12 5.7399e-04 1.3073e-06 6.4226e-06 2.1761e-04 
1.9953e+00 1806.13 2.4545e-04 1.4470e-01 8.4775e-17 6.9024e-13 1.6356e-11 9.4448e-08 8.4594e-01 4.5698e-03 5.2999e-06 5.6731e-07 3.7461e-03 7.8583e-08 5.7416e-11 1.9550e-12 5.7411e-04 1.0884e-06 7.0057e-06 2.1701e-04 
1.6596e+00 1805.28 2.6723e-04 1.4470e-01 8.3244e-17 7.4560e-13 1.9354e-11 1.1213e-07 8.4592e-01 4.5699e-03 5.3044e-06 3.9530e-07 3.7459e-03 6.5377e-08 3.9786e-11 1.1334e-12 5.7420e-04 9.0688e-07 7.6197e-06 2.1638e-04 
1.3804e+00 1803.74 2.8926e-04 1.4469e-01 8.0530e-17 7.9559e-13 2.2607e-11 1.3207e-07 8.4590e-01 4.5700e-03 5.3127e-06 2.7706e-07 3.7457e-03 5.4392e-08 2.7603e-11 6.6098e-13 5.7427e-04 7.5675e-07 8.2518e-06 2.1572e-04 
1.1482e+00 1800.58 3.0887e-04 1.4469e-01 7.5218e-17 8.2477e-13 2.5614e-11 1.5270e-07 8.4588e-01 4.5700e-03 5.3297e-06 1.9688e-07 3.7455e-03 4.5262e-08 1.9206e-11 3.9099e-13 5.7433e-04 6.3363e-07 8.8492e-06 2.1510e-04 
9.5499e-01 1794.95 3.2300e-04 1.4469e-01 6.6565e-17 8.1795e-13 2.7694e-11 1.7167e-07 8.4586e-01 4.5700e-03 5.3605e-06 1.4287e-07 3.7454e-03 3.7671e-08 1.3422e-11 2.3631e-13 5.7438e-04 5.3327e-07 9.3505e-06 2.1458e-04 
7.9433e-01 1786.63 3.3003e-04 1.4469e-01 5.5488e-17 7.7226e-13 2.8426e-11 1.8710e-07 8.4586e-01 4.5700e-03 5.4067e-06 1.0615e-07 3.7453e-03 3.1365e-08 9.4277e-12 1.4633e-13 5.7442e-04 4.5144e-07 9.7201e-06 2.1419e-04 
6.6069e-01 1775.37 3.2857e-04 1.4469e-01 4.3256e-17 6.9004e-13 2.7529e-11 1.9696e-07 8.4586e-01 4.5700e-03 5.4707e-06 8.0965e-08 3.7452e-03 2.6124e-08 6.6592e-12 9.3093e-14 5.7446e-04 3.8464e-07 9.9224e-06 2.1398e-04 
5.4954e-01 1761.10 3.1823e-04 1.4469e-01 3.1405e-17 5.8155e-13 2.5062e-11 1.9985e-07 8.4587e-01 4.5699e-03 5.5544e-06 6.3507e-08 3.7451e-03 2.1768e-08 4.7321e-12 6.0955e-14 5.7449e-04 3.3001e-07 9.9357e-06 2.1397e-04 
4.5709e-01 1742.36 2.9556e-04 1.4469e-01 2.0462e-17 4.4840e-13 2.0770e-11 1.9175e-07 8.4589e-01 4.5699e-03 5.6689e-06 5.1978e-08 3.7450e-03 1.8150e-08 3.3937e-12 4.1699e-14 5.7452e-04 2.8613e-07 9.6619e-06 2.1425e-04 
3.8019e-01 1719.64 2.6375e-04 1.4470e-01 1.2021e-17 3.1757e-13 1.5735e-11 1.7439e-07 8.4592e-01 4.5698e-03 5.8151e-06 4.4308e-08 3.7450e-03 1.5143e-08 2.4553e-12 2.9747e-14 5.7455e-04 2.5060e-07 9.1350e-06 2.1480e-04 
3.1623e-01 1694.10 2.2793e-04 1.4470e-01 6.4997e-18 2.1008e-13 1.1092e-11 1.5190e-07 8.4595e-01 4.5697e-03 5.9899e-06 3.9025e-08 3.7448e-03 1.2641e-08 1.7892e-12 2.1949e-14 5.7458e-04 2.2126e-07 8.4423e-06 2.1552e-04 
2.6303e-01 1666.15 1.9102e-04 1.4470e-01 3.2455e-18 1.3019e-13 7.2978e-12 1.2692e-07 8.4599e-01 4.5696e-03 6.1952e-06 3.5466e-08 3.7447e-03 1.0559e-08 1.3129e-12 1.6727e-14 5.7460e-04 1.9689e-07 7.6318e-06 2.1636e-04 
2.1878e-01 1636.21 1.5549e-04 1.4470e-01 1.5023e-18 7.5819e-14 4.4968e-12 1.0191e-07 8.4602e-01 4.5695e-03 6.4328e-06 3.3206e-08 3.7445e-03 8.8239e-09 9.6976e-13 1.3147e-14 5.7462e-04 1.7651e-07 6.7543e-06 2.1726e-04 
1.8197e-01 1603.03 1.2100e-04 1.4471e-01 6.1870e-19 4.0117e-14 2.5042e-12 7.6961e-08 8.4605e-01 4.5693e-03 6.7202e-06 3.2551e-08 3.7443e-03 7.3800e-09 7.2357e-13 1.0834e-14 5.7464e-04 1.6005e-07 5.7848e-06 2.1826e-04 
1.5136e-01 1567.62 9.0579e-05 1.4471e-01 2.3031e-19 1.9540e-14 1.2779e-12 5.5096e-08 8.4608e-01 4.5690e-03 7.0587e-06 3.3202e-08 3.7440e-03 6.1771e-09 5.4471e-13 9.3036e-15 5.7466e-04 1.4656e-07 4.8142e-06 2.1926e-04 
1.2589e-01 1531.33 6.5969e-05 1.4471e-01 7.9784e-20 8.9736e-15 6.1291e-13 3.7963e-08 8.4610e-01 4.5687e-03 7.4445e-06 3.4829e-08 3.7437e-03 5.1726e-09 4.1260e-13 8.2236e-15 5.7467e-04 1.3514e-07 3.9239e-06 2.2017e-04 
1.0471e-01 1494.55 4.6837e-05 1.4471e-01 2.5852e-20 3.9021e-15 2.7755e-13 2.5242e-08 8.4612e-01 4.5683e-03 7.8822e-06 3.7501e-08 3.7433e-03 4.3336e-09 3.1438e-13 7.4686e-15 5.7468e-04 1.2542e-07 3.1366e-06 2.2097e-04 
8.7096e-02 1457.64 3.2490e-05 1.4471e-01 7.8798e-21 1.6142e-15 1.1926e-13 1.6244e-08 8.4614e-01 4.5678e-03 8.3766e-06 4.1349e-08 3.7428e-03 3.6322e-09 2.4083e-13 6.9521e-15 5.7469e-04 1.1709e-07 2.4629e-06 2.2166e-04 
7.2444e-02 1419.59 2.1684e-05 1.4471e-01 2.1702e-21 6.1465e-16 4.6967e-14 9.9081e-09 8.4615e-01 4.5673e-03 8.9549e-06 4.7418e-08 3.7423e-03 3.0462e-09 1.8609e-13 6.7396e-15 5.7470e-04 1.1037e-07 1.8784e-06 2.2225e-04 
6.0256e-02 1381.49 1.4079e-05 1.4471e-01 5.5571e-22 2.2055e-16 1.7380e-14 5.8148e-09 8.4615e-01 4.5666e-03 9.6172e-06 5.5917e-08 3.7416e-03 2.5556e-09 1.4466e-13 6.7250e-15 5.7470e-04 1.0475e-07 1.4028e-06 2.2273e-04 
5.0119e-02 1344.49 9.0242e-06 1.4472e-01 1.3745e-22 7.6960e-17 6.2467e-15 3.3507e-09 8.4616e-01 4.5659e-03 1.0356e-05 6.6793e-08 3.7409e-03 2.1441e-09 1.1276e-13 6.8003e-15 5.7471e-04 9.9732e-08 1.0370e-06 2.2310e-04 
4.1687e-02 1308.85 5.7355e-06 1.4472e-01 3.3212e-23 2.6356e-17 2.2023e-15 1.9073e-09 8.4616e-01 4.5651e-03 1.1176e-05 8.0447e-08 3.7401e-03 1.7988e-09 8.8043e-14 6.9356e-15 5.7471e-04 9.5139e-08 7.6134e-07 2.2337e-04 
3.4674e-02 1274.79 3.6313e-06 1.4472e-01 7.9346e-24 8.9465e-18 7.6957e-16 1.0795e-09 8.4617e-01 4.5641e-03 1.2079e-05 9.7238e-08 3.7392e-03 1.5088e-09 6.8781e-14 7.0995e-15 5.7471e-04 9.0828e-08 5.5712e-07 2.2358e-04 
2.8840e-02 1241.70 2.2700e-06 1.4472e-01 1.8312e-24 2.9535e-18 2.6127e-16 6.0019e-10 8.4617e-01 4.5631e-03 1.3090e-05 1.1902e-07 3.7382e-03 1.2654e-09 5.3861e-14 7.3620e-15 5.7472e-04 8.6969e-08 4.0373e-07 2.2373e-04 
2.3988e-02 1210.33 1.4208e-06 1.4472e-01 4.2352e-25 9.7713e-19 8.8941e-17 3.3417e-10 8.4617e-01 4.5620e-03 1.4197e-05 1.4545e-07 3.7372e-03 1.0609e-09 4.2150e-14 7.6225e-15 5.7472e-04 8.3228e-08 2.9275e-07 2.2385e-04 
1.9953e-02 1181.29 9.0316e-07 1.4472e-01 1.0188e-25 3.3397e-19 3.1346e-17 1.9002e-10 8.4617e-01 4.5608e-03 1.5375e-05 1.7495e-07 3.7360e-03 8.8909e-10 3.2862e-14 7.7648e-15 5.7472e-04 7.9323e-08 2.1467e-07 2.2392e-04 
1.6596e-02 1154.58 5.8566e-07 1.4472e-01 2.5786e-26 1.1905e-19 1.1552e-17 1.1102e-10 8.4617e-01 4.5595e-03 1.6616e-05 2.0617e-07 3.7348e-03 7.4464e-10 2.5498e-14 7.7449e-15 5.7472e-04 7.5205e-08 1.5972e-07 2.2398e-04 
1.3804e-02 1130.21 3.8925e-07 1.4472e-01 6.9555e-27 4.4716e-20 4.5001e-18 6.7098e-11 8.4617e-01 4.5582e-03 1.7902e-05 2.3694e-07 3.7336e-03 6.2330e-10 1.9670e-14 7.5278e-15 5.7472e-04 7.0848e-08 1.2101e-07 2.2402e-04 
1.1482e-02 1107.77 2.6405e-07 1.4472e-01 1.9777e-27 1.7540e-20 1.8353e-18 4.1701e-11 8.4618e-01 4.5568e-03 1.9240e-05 2.6669e-07 3.7322e-03 5.2149e-10 1.5103e-14 7.1621e-15 5.7473e-04 6.6392e-08 9.3065e-08 2.2405e-04 
9.5499e-03 1087.54 1.8468e-07 1.4472e-01 6.0871e-28 7.3427e-21 8.0175e-19 2.7028e-11 8.4618e-01 4.5554e-03 2.0593e-05 2.9096e-07 3.7309e-03 4.3602e-10 1.1514e-14 6.5979e-15 5.7473e-04 6.1729e-08 7.3206e-08 2.2407e-04 
7.9433e-03 1069.59 1.3398e-07 1.4472e-01 2.0611e-28 3.3237e-21 3.8032e-19 1.8420e-11 8.4618e-01 4.5541e-03 2.1928e-05 3.0586e-07 3.7296e-03 3.6436e-10 8.7077e-15 5.8502e-15 5.7473e-04 5.6868e-08 5.9160e-08 2.2408e-04 
6.6069e-03 1053.75 1.0086e-07 1.4472e-01 7.6869e-29 1.6283e-21 1.9608e-19 1.3209e-11 8.4618e-01 4.5528e-03 2.3226e-05 3.0967e-07 3.7283e-03 3.0430e-10 6.5313e-15 4.9896e-15 5.7473e-04 5.1904e-08 4.9134e-08 2.2409e-04 
5.4954e-03 1039.86 7.8796e-08 1.4472e-01 3.1577e-29 8.6334e-22 1.0986e-19 9.9658e-12 8.4618e-01 4.5516e-03 2.4467e-05 3.0198e-07 3.7271e-03 2.5401e-10 4.8594e-15 4.0941e-15 5.7474e-04 4.6938e-08 4.1937e-08 2.2410e-04 
4.5709e-03 1027.65 6.3654e-08 1.4472e-01 1.4161e-29 4.9180e-22 6.6384e-20 7.8734e-12 8.4618e-01 4.5504e-03 2.5647e-05 2.8463e-07 3.7259e-03 2.1194e-10 3.5890e-15 3.2434e-15 5.7474e-04 4.2092e-08 3.6692e-08 2.2410e-04 
3.8019e-03 1017.06 5.3236e-08 1.4472e-01 6.9540e-30 3.0173e-22 4.3368e-20 6.5238e-12 8.4618e-01 4.5493e-03 2.6744e-05 2.5901e-07 3.7247e-03 1.7676e-10 2.6308e-15 2.4778e-15 5.7474e-04 3.7423e-08 3.2935e-08 2.2411e-04 
3.1623e-03 1007.96 4.6045e-08 1.4472e-01 3.7294e-30 1.9894e-22 3.0559e-20 5.6611e-12 8.4618e-01 4.5484e-03 2.7747e-05 2.2781e-07 3.7237e-03 1.4736e-10 1.9146e-15 1.8275e-15 5.7474e-04 3.2996e-08 3.0307e-08 2.2411e-04 
2.6303e-03 1000.17 4.1070e-08 1.4472e-01 2.1681e-30 1.4010e-22 2.3078e-20 5.1247e-12 8.4619e-01 4.5475e-03 2.8652e-05 1.9422e-07 3.7228e-03 1.2281e-10 1.3841e-15 1.3051e-15 5.7475e-04 2.8872e-08 2.8529e-08 2.2411e-04 
2.1878e-03  993.52 3.7660e-08 1.4472e-01 1.3554e-30 1.0469e-22 1.8549e-20 4.8189e-12 8.4619e-01 4.5467e-03 2.9461e-05 1.6100e-07 3.7219e-03 1.0232e-10 9.9468e-16 9.0547e-16 5.7475e-04 2.5091e-08 2.7411e-08 2.2411e-04 
1.8197e-03  987.86 3.5399e-08 1.4472e-01 9.0418e-31 8.2494e-23 1.5763e-20 4.6883e-12 8.4619e-01 4.5460e-03 3.0178e-05 1.3016e-07 3.7212e-03 8.5225e-11 7.1101e-16 6.1210e-16 5.7475e-04 2.1673e-08 2.6822e-08 2.2411e-04 
1.5136e-03  983.06 3.4014e-08 1.4472e-01 6.3910e-31 6.8146e-23 1.4077e-20 4.7012e-12 8.4619e-01 4.5454e-03 3.0807e-05 1.0292e-07 3.7205e-03 7.0974e-11 5.0590e-16 4.0440e-16 5.7475e-04 1.8620e-08 2.6677e-08 2.2411e-04 
1.2589e-03  979.01 3.3332e-08 1.4472e-01 4.7564e-31 5.8716e-23 1.3140e-20 4.8434e-12 8.4619e-01 4.5449e-03 3.1353e-05 7.9763e-08 3.7199e-03 5.9090e-11 3.5841e-16 2.6169e-16 5.7475e-04 1.5919e-08 2.6920e-08 2.2411e-04 
1.0471e-03  975.61 3.3234e-08 1.4472e-01 3.7047e-31 5.2505e-23 1.2754e-20 5.1100e-12 8.4619e-01 4.5444e-03 3.1823e-05 6.0749e-08 3.7195e-03 4.9190e-11 2.5300e-16 1.6632e-16 5.7475e-04 1.3552e-08 2.7516e-08 2.2411e-04 
8.7096e-04  972.75 3.3623e-08 1.4472e-01 2.9983e-31 4.8442e-23 1.2791e-20 5.5002e-12 8.4619e-01 4.5441e-03 3.2227e-05 4.5592e-08 3.7190e-03 4.0944e-11 1.7805e-16 1.0412e-16 5.7475e-04 1.1497e-08 2.8429e-08 2.2411e-04 
7.2444e-04  970.35 3.4447e-08 1.4472e-01 2.5081e-31 4.5916e-23 1.3198e-20 6.0235e-12 8.4619e-01 4.5437e-03 3.2572e-05 3.3783e-08 3.7187e-03 3.4076e-11 1.2496e-16 6.4321e-17 5.7476e-04 9.7226e-09 2.9646e-08 2.2411e-04 
6.0256e-04  968.34 3.5674e-08 1.4472e-01 2.1584e-31 4.4540e-23 1.3952e-20 6.6952e-12 8.4619e-01 4.5434e-03 3.2865e-05 2.4761e-08 3.7184e-03 2.8357e-11 8.7503e-17 3.9289e-17 5.7476e-04 8.2006e-09 3.1163e-08 2.2411e-04 
5.0119e-04  966.66 3.7286e-08 1.4472e-01 1.9029e-31 4.4066e-23 1.5058e-20 7.5363e-12 8.4619e-01 4.5432e-03 3.3114e-05 1.7981e-08 3.7181e-03 2.3596e-11 6.1154e-17 2.3770e-17 5.7476e-04 6.9014e-09 3.2981e-08 2.2411e-04 
4.1687e-04  965.26 3.9279e-08 1.4472e-01 1.7126e-31 4.4338e-23 1.6542e-20 8.5753e-12 8.4619e-01 4.5430e-03 3.3323e-05 1.2954e-08 3.7179e-03 1.9633e-11 4.2667e-17 1.4263e-17 5.7476e-04 5.7968e-09 3.5108e-08 2.2410e-04 
3.4674e-04  964.09 4.1647e-08 1.4472e-01 1.5679e-31 4.5238e-23 1.8439e-20 9.8449e-12 8.4619e-01 4.5428e-03 3.3499e-05 9.2711e-09 3.7177e-03 1.6335e-11 2.9729e-17 8.5008e-18 5.7476e-04 4.8613e-09 3.7552e-08 2.2410e-04 
2.8840e-04  963.12 4.4409e-08 1.4472e-01 1.4571e-31 4.6722e-23 2.0820e-20 1.1391e-11 8.4619e-01 4.5427e-03 3.3646e-05 6.5971e-09 3.7176e-03 1.3590e-11 2.0688e-17 5.0361e-18 5.7476e-04 4.0710e-09 4.0335e-08 2.2410e-04 
2.3988e-04  962.31 4.7571e-08 1.4472e-01 1.3703e-31 4.8728e-23 2.3750e-20 1.3263e-11 8.4619e-01 4.5425e-03 3.3770e-05 4.6729e-09 3.7175e-03 1.1305e-11 1.4383e-17 2.9695e-18 5.7476e-04 3.4055e-09 4.3470e-08 2.2410e-04 
1.9953e-04  961.63 5.1147e-08 1.4472e-01 1.3014e-31 5.1226e-23 2.7318e-20 1.5521e-11 8.4619e-01 4.5424e-03 3.3874e-05 3.2978e-09 3.7173e-03 9.4053e-12 9.9928e-18 1.7443e-18 5.7476e-04 2.8462e-09 4.6977e-08 2.2409e-04 
1.6596e-04  961.07 5.5182e-08 1.4472e-01 1.2472e-31 5.4253e-23 3.1669e-20 1.8250e-11 8.4619e-01 4.5424e-03 3.3960e-05 2.3191e-09 3.7173e-03 7.8240e-12 6.9368e-18 1.0208e-18 5.7476e-04 2.3767e-09 5.0897e-08 2.2409e-04 
1.3804e-04  960.60 5.9689e-08 1.4472e-01 1.2035e-31 5.7778e-23 3.6927e-20 2.1534e-11 8.4619e-01 4.5423e-03 3.4033e-05 1.6266e-09 3.7172e-03 6.5085e-12 4.8129e-18 5.9584e-19 5.7476e-04 1.9835e-09 5.5248e-08 2.2408e-04 
1.1482e-04  960.22 6.4731e-08 1.4472e-01 1.1691e-31 6.1874e-23 4.3308e-20 2.5500e-11 8.4619e-01 4.5422e-03 3.4092e-05 1.1380e-09 3.7171e-03 5.4142e-12 3.3376e-18 3.4686e-19 5.7476e-04 1.6543e-09 6.0086e-08 2.2408e-04 
9.5499e-05  959.89 7.0303e-08 1.4472e-01 1.1401e-31 6.6467e-23 5.0961e-20 3.0259e-11 8.4619e-01 4.5422e-03 3.4143e-05 7.9487e-10 3.7171e-03 4.5035e-12 2.3135e-18 2.0158e-19 5.7476e-04 1.3791e-09 6.5420e-08 2.2407e-04 
7.9433e-05  959.63 7.6507e-08 1.4472e-01 1.1178e-31 7.1711e-23 6.0238e-20 3.6003e-11 8.4619e-01 4.5421e-03 3.4183e-05 5.5412e-10 3.7170e-03 3.7461e-12 1.6031e-18 1.1691e-19 5.7476e-04 1.1492e-09 7.1331e-08 2.2407e-04 
6.6069e-05  959.40 8.3331e-08 1.4472e-01 1.0983e-31 7.7513e-23 7.1343e-20 4.2890e-11 8.4619e-01 4.5421e-03 3.4219e-05 3.8594e-10 3.7170e-03 3.1160e-12 1.1106e-18 6.7746e-20 5.7476e-04 9.5743e-10 7.7827e-08 2.2406e-04 
5.4954e-05  959.22 9.0895e-08 1.4472e-01 1.0833e-31 8.4044e-23 8.4770e-20 5.1194e-11 8.4619e-01 4.5421e-03 3.4247e-05 2.6842e-10 3.7170e-03 2.5919e-12 7.6923e-19 3.9197e-20 5.7476e-04 7.9737e-10 8.5004e-08 2.2405e-04 
4.5709e-05  959.07 9.9231e-08 1.4472e-01 1.0710e-31 9.1296e-23 1.0092e-19 6.1180e-11 8.4619e-01 4.5421e-03 3.4271e-05 1.8652e-10 3.7169e-03 2.1559e-12 5.3267e-19 2.2659e-20 5.7476e-04 6.6393e-10 9.2902e-08 2.2405e-04 
3.8019e-05  958.94 1.0840e-07 1.4472e-01 1.0604e-31 9.9297e-23 1.2031e-19 7.3171e-11 8.4619e-01 4.5420e-03 3.4291e-05 1.2954e-10 3.7169e-03 1.7933e-12 3.6881e-19 1.3090e-20 5.7476e-04 5.5274e-10 1.0158e-07 2.2404e-04 
3.1623e-05  958.83 1.1847e-07 1.4472e-01 1.0516e-31 1.0813e-22 1.4360e-19 8.7581e-11 8.4619e-01 4.5420e-03 3.4308e-05 8.9907e-11 3.7169e-03 1.4916e-12 2.5533e-19 7.5580e-21 5.7476e-04 4.6011e-10 1.1111e-07 2.2403e-04 
2.6303e-05  958.75 1.2960e-07 1.4472e-01 1.0452e-31 1.1798e-22 1.7175e-19 1.0495e-10 8.4619e-01 4.5420e-03 3.4321e-05 6.2347e-11 3.7169e-03 1.2407e-12 1.7673e-19 4.3598e-21 5.7476e-04 3.8292e-10 1.2161e-07 2.2402e-04 
2.1878e-05  958.67 1.4178e-07 1.4472e-01 1.0388e-31 1.2871e-22 2.0541e-19 1.2577e-10 8.4619e-01 4.5420e-03 3.4334e-05 4.3236e-11 3.7169e-03 1.0320e-12 1.2233e-19 2.5149e-21 5.7476e-04 3.1869e-10 1.3311e-07 2.2401e-04 
1.8197e-05  958.61 1.5518e-07 1.4472e-01 1.0340e-31 1.4061e-22 2.4599e-19 1.5085e-10 8.4619e-01 4.5420e-03 3.4343e-05 2.9963e-11 3.7169e-03 8.5838e-13 8.4661e-20 1.4498e-21 5.7476e-04 2.6518e-10 1.4576e-07 2.2399e-04 
1.5136e-05  958.56 1.6991e-07 1.4472e-01 1.0301e-31 1.5369e-22 2.9477e-19 1.8098e-10 8.4619e-01 4.5420e-03 3.4351e-05 2.0761e-11 3.7169e-03 7.1400e-13 5.8592e-20 8.3558e-22 5.7476e-04 2.2065e-10 1.5964e-07 2.2398e-04 
1.2589e-05  958.52 1.8609e-07 1.4472e-01 1.0270e-31 1.6810e-22 3.5348e-19 2.1723e-10 8.4619e-01 4.5420e-03 3.4357e-05 1.4379e-11 3.7169e-03 5.9386e-13 4.0542e-20 4.8134e-22 5.7476e-04 1.8357e-10 1.7488e-07 2.2396e-04 
1.0471e-05  958.49 2.0386e-07 1.4472e-01 1.0246e-31 1.8398e-22 4.2415e-19 2.6084e-10 8.4619e-01 4.5420e-03 3.4362e-05 9.9563e-12 3.7169e-03 4.9395e-13 2.8053e-20 2.7723e-22 5.7476e-04 1.5272e-10 1.9162e-07 2.2395e-04 
8.7096e-06  958.46 2.2334e-07 1.4472e-01 1.0223e-31 2.0135e-22 5.0893e-19 3.1319e-10 8.4619e-01 4.5420e-03 3.4367e-05 6.8945e-12 3.7168e-03 4.1086e-13 1.9412e-20 1.5969e-22 5.7476e-04 1.2706e-10 2.0995e-07 2.2393e-04 
7.2444e-06  958.43 2.4467e-07 1.4472e-01 1.0199e-31 2.2036e-22 6.1066e-19 3.7605e-10 8.4619e-01 4.5420e-03 3.4371e-05 4.7741e-12 3.7168e-03 3.4174e-13 1.3433e-20 9.1976e-23 5.7476e-04 1.0571e-10 2.3004e-07 2.2391e-04 
6.0256e-06  958.41 2.6812e-07 1.4472e-01 1.0184e-31 2.4132e-22 7.3322e-19 4.5171e-10 8.4619e-01 4.5419e-03 3.4374e-05 3.3048e-12 3.7168e-03 2.8425e-13 9.2942e-21 5.2958e-23 5.7476e-04 8.7934e-11 2.5210e-07 2.2389e-04 
5.0119e-06  958.40 2.9390e-07 1.4472e-01 1.0176e-31 2.6444e-22 8.8095e-19 5.4280e-10 8.4619e-01 4.5419e-03 3.4376e-05 2.2870e-12 3.7168e-03 2.3643e-13 6.4305e-21 3.0484e-23 5.7476e-04 7.3146e-11 2.7633e-07 2.2386e-04 
4.1687e-06  958.38 3.2207e-07 1.4472e-01 1.0160e-31 2.8959e-22 1.0577e-18 6.5199e-10 8.4619e-01 4.5419e-03 3.4379e-05 1.5832e-12 3.7168e-03 1.9666e-13 4.4493e-21 1.7552e-23 5.7476e-04 6.0848e-11 3.0282e-07 2.2384e-04 
3.4674e-06  958.37 3.5304e-07 1.4472e-01 1.0152e-31 3.1733e-22 1.2709e-18 7.8344e-10 8.4619e-01 4.5419e-03 3.4381e-05 1.0956e-12 3.7168e-03 1.6357e-13 3.0784e-21 1.0103e-23 5.7476e-04 5.0615e-11 3.3192e-07 2.2381e-04 
2.8840e-06  958.36 3.8699e-07 1.4472e-01 1.0145e-31 3.4773e-22 1.5269e-18 9.4141e-10 8.4619e-01 4.5419e-03 3.4382e-05 7.5818e-13 3.7168e-03 1.3605e-13 2.1298e-21 5.8154e-24 5.7476e-04 4.2102e-11 3.6382e-07 2.2377e-04 
2.3988e-06  958.36 4.2432e-07 1.4472e-01 1.0145e-31 3.8128e-22 1.8358e-18 1.1316e-09 8.4619e-01 4.5419e-03 3.4382e-05 5.2453e-13 3.7168e-03 1.1316e-13 1.4734e-21 3.3464e-24 5.7476e-04 3.5019e-11 3.9886e-07 2.2374e-04 
