# This is a final TEA output file with calculated abundances (mixing fractions) for all listed species.
# Units: pressure (bar), temperature (K), abundance (unitless).

#SPECIES
H_g He_ref C_g N_g O_g S_g H2_ref CO_g CO2_g CH4_g H2O_g HCN_g C2H4_g N2_ref NH3_g H2S_g 

#TEADATA
#Pressure  Temp    H_g        He_ref     C_g        N_g        O_g        S_g        H2_ref     CO_g       CO2_g      CH4_g      H2O_g      HCN_g      C2H4_g     N2_ref     NH3_g      H2S_g      
3.1623e+01 1811.89 6.5051e-05 1.4541e-01 6.0913e-17 5.9466e-14 1.4340e-13 6.2565e-10 8.5350e-01 3.6283e-04 5.2111e-08 9.6672e-05 4.7384e-04 2.8234e-07 3.0281e-09 5.4961e-05 5.3015e-06 2.2521e-05 
2.6303e+01 1810.94 7.0769e-05 1.4541e-01 6.6324e-17 6.4380e-14 1.6159e-13 7.4411e-10 8.5353e-01 3.8460e-04 5.2745e-08 7.4900e-05 4.5203e-04 2.6204e-07 2.1691e-09 5.5402e-05 4.4360e-06 2.2520e-05 
2.1878e+01 1810.15 7.7090e-05 1.4540e-01 7.1111e-17 6.9851e-14 1.8379e-13 8.8660e-10 8.5355e-01 4.0263e-04 5.3053e-08 5.6875e-05 4.3396e-04 2.3851e-07 1.4944e-09 5.5775e-05 3.7083e-06 2.2519e-05 
1.8197e+01 1809.49 8.4067e-05 1.4540e-01 7.5149e-17 7.5920e-14 2.1097e-13 1.0580e-09 8.5356e-01 4.1711e-04 5.3158e-08 4.2402e-05 4.1945e-04 2.1325e-07 9.9347e-10 5.6091e-05 3.0973e-06 2.2518e-05 
1.5136e+01 1808.95 9.1764e-05 1.4539e-01 7.8417e-17 8.2652e-14 2.4432e-13 1.2641e-09 8.5357e-01 4.2842e-04 5.3153e-08 3.1107e-05 4.0812e-04 1.8771e-07 6.4008e-10 5.6358e-05 2.5854e-06 2.2517e-05 
1.2589e+01 1808.49 1.0024e-04 1.4539e-01 8.0918e-17 9.0076e-14 2.8509e-13 1.5119e-09 8.5357e-01 4.3704e-04 5.3100e-08 2.2510e-05 3.9949e-04 1.6304e-07 4.0154e-10 5.6584e-05 2.1567e-06 2.2517e-05 
1.0471e+01 1808.11 1.0956e-04 1.4539e-01 8.2771e-17 9.8271e-14 3.3486e-13 1.8099e-09 8.5357e-01 4.4345e-04 5.3033e-08 1.6110e-05 3.9306e-04 1.4009e-07 2.4654e-10 5.6773e-05 1.7982e-06 2.2516e-05 
8.7096e+00 1807.79 1.1981e-04 1.4538e-01 8.4081e-17 1.0729e-13 3.9540e-13 2.1679e-09 8.5357e-01 4.4814e-04 5.2970e-08 1.1430e-05 3.8835e-04 1.1936e-07 1.4883e-10 5.6933e-05 1.4988e-06 2.2515e-05 
7.2444e+00 1807.53 1.3108e-04 1.4538e-01 8.4987e-17 1.1724e-13 4.6894e-13 2.5987e-09 8.5356e-01 4.5153e-04 5.2918e-08 8.0550e-06 3.8495e-04 1.0104e-07 8.8683e-11 5.7066e-05 1.2488e-06 2.2515e-05 
6.0256e+00 1807.31 1.4347e-04 1.4538e-01 8.5578e-17 1.2818e-13 5.5795e-13 3.1164e-09 8.5355e-01 4.5395e-04 5.2878e-08 5.6480e-06 3.8253e-04 8.5109e-08 5.2332e-11 5.7178e-05 1.0402e-06 2.2514e-05 
5.0119e+00 1807.13 1.5707e-04 1.4538e-01 8.5954e-17 1.4022e-13 6.6556e-13 3.7390e-09 8.5354e-01 4.5566e-04 5.2849e-08 3.9456e-06 3.8081e-04 7.1437e-08 3.0662e-11 5.7271e-05 8.6618e-07 2.2513e-05 
4.1687e+00 1806.98 1.7201e-04 1.4538e-01 8.6177e-17 1.5344e-13 7.9542e-13 4.4875e-09 8.5353e-01 4.5687e-04 5.2829e-08 2.7489e-06 3.7959e-04 5.9807e-08 1.7873e-11 5.7349e-05 7.2115e-07 2.2512e-05 
3.4674e+00 1806.85 1.8840e-04 1.4538e-01 8.6287e-17 1.6795e-13 9.5185e-13 5.3870e-09 8.5352e-01 4.5771e-04 5.2816e-08 1.9115e-06 3.7874e-04 4.9977e-08 1.0380e-11 5.7413e-05 6.0032e-07 2.2511e-05 
2.8840e+00 1806.72 2.0635e-04 1.4538e-01 8.6291e-17 1.8382e-13 1.1399e-12 6.4670e-09 8.5350e-01 4.5830e-04 5.2809e-08 1.3275e-06 3.7815e-04 4.1706e-08 6.0133e-12 5.7467e-05 4.9967e-07 2.2510e-05 
2.3988e+00 1806.53 2.2590e-04 1.4537e-01 8.6108e-17 2.0096e-13 1.3641e-12 7.7579e-09 8.5348e-01 4.5870e-04 5.2809e-08 9.2163e-07 3.7773e-04 3.4772e-08 3.4794e-12 5.7512e-05 4.1592e-07 2.2508e-05 
1.9953e+00 1806.13 2.4686e-04 1.4537e-01 8.5487e-17 2.1887e-13 1.6265e-12 9.2840e-09 8.5346e-01 4.5899e-04 5.2823e-08 6.4059e-07 3.7744e-04 2.8974e-08 2.0147e-12 5.7549e-05 3.4634e-07 2.2506e-05 
1.6596e+00 1805.28 2.6876e-04 1.4537e-01 8.4015e-17 2.3647e-13 1.9238e-12 1.1054e-08 8.5344e-01 4.5918e-04 5.2865e-08 4.4667e-07 3.7724e-04 2.4131e-08 1.1699e-12 5.7580e-05 2.8864e-07 2.2504e-05 
1.3804e+00 1803.74 2.9092e-04 1.4537e-01 8.1323e-17 2.5236e-13 2.2465e-12 1.3058e-08 8.5342e-01 4.5931e-04 5.2945e-08 3.1315e-07 3.7709e-04 2.0093e-08 6.8299e-13 5.7605e-05 2.4089e-07 2.2502e-05 
1.1482e+00 1800.58 3.1065e-04 1.4537e-01 7.5985e-17 2.6165e-13 2.5450e-12 1.5141e-08 8.5340e-01 4.5940e-04 5.3116e-08 2.2246e-07 3.7700e-04 1.6731e-08 4.0420e-13 5.7626e-05 2.0172e-07 2.2500e-05 
9.5499e-01 1794.95 3.2486e-04 1.4537e-01 6.7257e-17 2.5952e-13 2.7517e-12 1.7066e-08 8.5339e-01 4.5946e-04 5.3426e-08 1.6128e-07 3.7693e-04 1.3934e-08 2.4429e-13 5.7643e-05 1.6977e-07 2.2498e-05 
7.9433e-01 1786.63 3.3194e-04 1.4537e-01 5.6068e-17 2.4506e-13 2.8249e-12 1.8636e-08 8.5339e-01 4.5950e-04 5.3893e-08 1.1963e-07 3.7688e-04 1.1609e-08 1.5120e-13 5.7657e-05 1.4372e-07 2.2496e-05 
6.6069e-01 1775.37 3.3048e-04 1.4537e-01 4.3706e-17 2.1899e-13 2.7364e-12 1.9644e-08 8.5339e-01 4.5953e-04 5.4542e-08 9.1033e-08 3.7685e-04 9.6755e-09 9.6104e-14 5.7668e-05 1.2244e-07 2.2495e-05 
5.4954e-01 1761.10 3.2009e-04 1.4537e-01 3.1727e-17 1.8459e-13 2.4922e-12 1.9942e-08 8.5340e-01 4.5956e-04 5.5390e-08 7.1187e-08 3.7683e-04 8.0683e-09 6.2844e-14 5.7678e-05 1.0504e-07 2.2495e-05 
4.5709e-01 1742.36 2.9730e-04 1.4537e-01 2.0666e-17 1.4235e-13 2.0666e-12 1.9122e-08 8.5342e-01 4.5957e-04 5.6551e-08 5.8027e-08 3.7682e-04 6.7335e-09 4.2910e-14 5.7686e-05 9.1048e-08 2.2496e-05 
3.8019e-01 1719.64 2.6531e-04 1.4537e-01 1.2137e-17 1.0083e-13 1.5667e-12 1.7361e-08 8.5345e-01 4.5959e-04 5.8035e-08 4.9219e-08 3.7682e-04 5.6240e-09 3.0539e-14 5.7693e-05 7.9714e-08 2.2498e-05 
3.1623e-01 1694.10 2.2929e-04 1.4537e-01 6.5594e-18 6.6710e-14 1.1054e-12 1.5086e-08 8.5348e-01 4.5960e-04 5.9810e-08 4.3109e-08 3.7681e-04 4.7006e-09 2.2472e-14 5.7700e-05 7.0353e-08 2.2501e-05 
2.6303e-01 1666.15 1.9217e-04 1.4538e-01 3.2736e-18 4.1346e-14 7.2798e-13 1.2570e-08 8.5351e-01 4.5961e-04 6.1896e-08 3.8939e-08 3.7681e-04 3.9315e-09 1.7075e-14 5.7705e-05 6.2572e-08 2.2504e-05 
2.1878e-01 1636.21 1.5643e-04 1.4538e-01 1.5145e-18 2.4083e-14 4.4905e-13 1.0063e-08 8.5355e-01 4.5962e-04 6.4313e-08 3.6223e-08 3.7681e-04 3.2904e-09 1.3377e-14 5.7710e-05 5.6060e-08 2.2506e-05 
1.8197e-01 1603.03 1.2174e-04 1.4538e-01 6.2331e-19 1.2744e-14 2.5037e-13 7.5746e-09 8.5358e-01 4.5963e-04 6.7239e-08 3.5258e-08 3.7682e-04 2.7567e-09 1.0985e-14 5.7713e-05 5.0797e-08 2.2509e-05 
1.5136e-01 1567.62 9.1129e-05 1.4538e-01 2.3186e-19 6.2081e-15 1.2793e-13 5.4052e-09 8.5361e-01 4.5963e-04 7.0688e-08 3.5698e-08 3.7682e-04 2.3117e-09 9.3984e-15 5.7717e-05 4.6482e-08 2.2512e-05 
1.2589e-01 1531.33 6.6367e-05 1.4539e-01 8.0258e-20 2.8513e-15 6.1447e-14 3.7138e-09 8.5363e-01 4.5963e-04 7.4623e-08 3.7171e-08 3.7682e-04 1.9398e-09 8.2779e-15 5.7719e-05 4.2827e-08 2.2514e-05 
1.0471e-01 1494.55 4.7117e-05 1.4539e-01 2.5985e-20 1.2399e-15 2.7864e-14 2.4634e-09 8.5365e-01 4.5963e-04 7.9092e-08 3.9737e-08 3.7682e-04 1.6289e-09 7.4929e-15 5.7722e-05 3.9717e-08 2.2515e-05 
8.7096e-02 1457.64 3.2681e-05 1.4539e-01 7.9137e-21 5.1291e-16 1.1989e-14 1.5822e-09 8.5366e-01 4.5963e-04 8.4144e-08 4.3517e-08 3.7682e-04 1.3687e-09 6.9541e-15 5.7724e-05 3.7052e-08 2.2516e-05 
7.2444e-02 1419.59 2.1808e-05 1.4539e-01 2.1777e-21 1.9530e-16 4.7282e-15 9.6342e-10 8.5367e-01 4.5962e-04 9.0056e-08 4.9578e-08 3.7683e-04 1.1511e-09 6.7244e-15 5.7725e-05 3.4904e-08 2.2517e-05 
6.0256e-02 1381.49 1.4156e-05 1.4539e-01 5.5713e-22 7.0070e-17 1.7519e-15 5.6463e-10 8.5368e-01 4.5960e-04 9.6826e-08 5.8118e-08 3.7683e-04 9.6877e-10 6.6972e-15 5.7726e-05 3.3110e-08 2.2518e-05 
5.0119e-02 1344.49 9.0718e-06 1.4539e-01 1.3769e-22 2.4445e-17 6.3037e-16 3.2499e-10 8.5368e-01 4.5959e-04 1.0438e-07 6.9067e-08 3.7683e-04 8.1560e-10 6.7650e-15 5.7727e-05 3.1511e-08 2.2518e-05 
4.1687e-02 1308.85 5.7641e-06 1.4539e-01 3.3242e-23 8.3693e-18 2.2244e-16 1.8482e-10 8.5369e-01 4.5957e-04 1.1275e-07 8.2839e-08 3.7684e-04 6.8679e-10 6.8984e-15 5.7728e-05 3.0053e-08 2.2518e-05 
3.4674e-02 1274.79 3.6481e-06 1.4539e-01 7.9357e-24 2.8400e-18 7.7779e-17 1.0450e-10 8.5369e-01 4.5954e-04 1.2195e-07 9.9805e-08 3.7685e-04 5.7837e-10 7.0666e-15 5.7729e-05 2.8690e-08 2.2518e-05 
2.8840e-02 1241.70 2.2796e-06 1.4539e-01 1.8302e-24 9.3719e-19 2.6418e-17 5.8043e-11 8.5369e-01 4.5951e-04 1.3226e-07 1.2186e-07 3.7686e-04 4.8718e-10 7.3387e-15 5.7730e-05 2.7475e-08 2.2518e-05 
2.3988e-02 1210.33 1.4263e-06 1.4539e-01 4.2299e-25 3.0992e-19 8.9956e-18 3.2284e-11 8.5369e-01 4.5947e-04 1.4353e-07 1.4865e-07 3.7687e-04 4.1033e-10 7.6136e-15 5.7730e-05 2.6301e-08 2.2518e-05 
1.9953e-02 1181.29 9.0629e-07 1.4539e-01 1.0169e-25 1.0588e-19 3.1707e-18 1.8337e-11 8.5369e-01 4.5943e-04 1.5552e-07 1.7858e-07 3.7689e-04 3.4547e-10 7.7735e-15 5.7731e-05 2.5079e-08 2.2518e-05 
1.6596e-02 1154.58 5.8746e-07 1.4539e-01 2.5726e-26 3.7725e-20 1.1685e-18 1.0702e-11 8.5369e-01 4.5939e-04 1.6813e-07 2.1029e-07 3.7691e-04 2.9070e-10 7.7724e-15 5.7732e-05 2.3791e-08 2.2518e-05 
1.3804e-02 1130.21 3.9031e-07 1.4539e-01 6.9365e-27 1.4164e-20 4.5510e-19 6.4600e-12 8.5369e-01 4.5934e-04 1.8120e-07 2.4155e-07 3.7693e-04 2.4446e-10 7.5731e-15 5.7732e-05 2.2428e-08 2.2518e-05 
1.1482e-02 1107.77 2.6468e-07 1.4539e-01 1.9716e-27 5.5537e-21 1.8556e-19 4.0100e-12 8.5369e-01 4.5930e-04 1.9480e-07 2.7181e-07 3.7695e-04 2.0547e-10 7.2225e-15 5.7733e-05 2.1033e-08 2.2518e-05 
9.5499e-03 1087.54 1.8506e-07 1.4539e-01 6.0668e-28 2.3241e-21 8.1039e-20 2.5959e-12 8.5369e-01 4.5926e-04 2.0855e-07 2.9652e-07 3.7696e-04 1.7256e-10 6.6691e-15 5.7734e-05 1.9572e-08 2.2518e-05 
7.9433e-03 1069.59 1.3422e-07 1.4539e-01 2.0539e-28 1.0517e-21 3.8428e-20 1.7672e-12 8.5369e-01 4.5923e-04 2.2211e-07 3.1174e-07 3.7696e-04 1.4481e-10 5.9263e-15 5.7735e-05 1.8046e-08 2.2518e-05 
6.6069e-03 1053.75 1.0102e-07 1.4539e-01 7.6595e-29 5.1508e-22 1.9805e-20 1.2658e-12 8.5369e-01 4.5921e-04 2.3530e-07 3.1568e-07 3.7695e-04 1.2142e-10 5.0651e-15 5.7735e-05 1.6484e-08 2.2518e-05 
5.4954e-03 1039.86 7.8901e-08 1.4539e-01 3.1465e-29 2.7303e-22 1.1093e-20 9.5404e-13 8.5369e-01 4.5921e-04 2.4791e-07 3.0792e-07 3.7693e-04 1.0173e-10 4.1642e-15 5.7736e-05 1.4918e-08 2.2518e-05 
4.5709e-03 1027.65 6.3728e-08 1.4539e-01 1.4111e-29 1.5550e-22 6.7000e-21 7.5300e-13 8.5369e-01 4.5921e-04 2.5990e-07 2.9033e-07 3.7690e-04 8.5172e-11 3.3050e-15 5.7737e-05 1.3388e-08 2.2518e-05 
3.8019e-03 1017.06 5.3289e-08 1.4539e-01 6.9305e-30 9.5382e-23 4.3754e-21 6.2339e-13 8.5369e-01 4.5923e-04 2.7106e-07 2.6429e-07 3.7686e-04 7.1256e-11 2.5292e-15 5.7738e-05 1.1911e-08 2.2518e-05 
3.1623e-03 1007.96 4.6085e-08 1.4539e-01 3.7174e-30 6.2877e-23 3.0820e-21 5.4053e-13 8.5369e-01 4.5925e-04 2.8125e-07 2.3254e-07 3.7682e-04 5.9572e-11 1.8683e-15 5.7738e-05 1.0509e-08 2.2518e-05 
2.6303e-03 1000.17 4.1100e-08 1.4539e-01 2.1615e-30 4.4274e-23 2.3267e-21 4.8897e-13 8.5369e-01 4.5928e-04 2.9045e-07 1.9832e-07 3.7678e-04 4.9771e-11 1.3362e-15 5.7739e-05 9.2006e-09 2.2518e-05 
2.1878e-03  993.52 3.7684e-08 1.4539e-01 1.3515e-30 3.3081e-23 1.8695e-21 4.5952e-13 8.5369e-01 4.5930e-04 2.9869e-07 1.6446e-07 3.7673e-04 4.1558e-11 9.2814e-16 5.7740e-05 7.9998e-09 2.2518e-05 
1.8197e-03  987.86 3.5419e-08 1.4539e-01 9.0173e-31 2.6065e-23 1.5883e-21 4.4683e-13 8.5369e-01 4.5932e-04 3.0598e-07 1.3300e-07 3.7670e-04 3.4681e-11 6.2810e-16 5.7740e-05 6.9130e-09 2.2518e-05 
1.5136e-03  983.06 3.4031e-08 1.4539e-01 6.3746e-31 2.1529e-23 1.4181e-21 4.4786e-13 8.5369e-01 4.5935e-04 3.1238e-07 1.0519e-07 3.7666e-04 2.8929e-11 4.1536e-16 5.7741e-05 5.9414e-09 2.2518e-05 
1.2589e-03  979.01 3.3347e-08 1.4539e-01 4.7448e-31 1.8549e-23 1.3235e-21 4.6122e-13 8.5369e-01 4.5936e-04 3.1794e-07 8.1541e-08 3.7663e-04 2.4119e-11 2.6899e-16 5.7741e-05 5.0811e-09 2.2518e-05 
1.0471e-03  975.61 3.3247e-08 1.4539e-01 3.6960e-31 1.6586e-23 1.2843e-21 4.8644e-13 8.5369e-01 4.5938e-04 3.2273e-07 6.2114e-08 3.7661e-04 2.0102e-11 1.7107e-16 5.7742e-05 4.3270e-09 2.2518e-05 
8.7096e-04  972.75 3.3635e-08 1.4539e-01 2.9915e-31 1.5302e-23 1.2879e-21 5.2345e-13 8.5369e-01 4.5939e-04 3.2685e-07 4.6624e-08 3.7659e-04 1.6749e-11 1.0715e-16 5.7742e-05 3.6716e-09 2.2518e-05 
7.2444e-04  970.35 3.4458e-08 1.4539e-01 2.5027e-31 1.4503e-23 1.3287e-21 5.7312e-13 8.5369e-01 4.5940e-04 3.3036e-07 3.4553e-08 3.7657e-04 1.3952e-11 6.6225e-17 5.7742e-05 3.1057e-09 2.2518e-05 
6.0256e-04  968.34 3.5684e-08 1.4539e-01 2.1538e-31 1.4068e-23 1.4045e-21 6.3690e-13 8.5369e-01 4.5941e-04 3.3335e-07 2.5328e-08 3.7656e-04 1.1618e-11 4.0468e-17 5.7742e-05 2.6200e-09 2.2518e-05 
5.0119e-04  966.66 3.7296e-08 1.4539e-01 1.8989e-31 1.3918e-23 1.5157e-21 7.1679e-13 8.5369e-01 4.5941e-04 3.3588e-07 1.8394e-08 3.7655e-04 9.6734e-12 2.4491e-17 5.7743e-05 2.2052e-09 2.2518e-05 
4.1687e-04  965.26 3.9288e-08 1.4539e-01 1.7091e-31 1.4004e-23 1.6650e-21 8.1551e-13 8.5369e-01 4.5941e-04 3.3801e-07 1.3252e-08 3.7654e-04 8.0527e-12 1.4699e-17 5.7743e-05 1.8525e-09 2.2518e-05 
3.4674e-04  964.09 4.1656e-08 1.4539e-01 1.5648e-31 1.4288e-23 1.8559e-21 9.3614e-13 8.5369e-01 4.5941e-04 3.3980e-07 9.4853e-09 3.7654e-04 6.7027e-12 8.7623e-18 5.7743e-05 1.5537e-09 2.2518e-05 
2.8840e-04  963.12 4.4419e-08 1.4539e-01 1.4541e-31 1.4756e-23 2.0953e-21 1.0831e-12 8.5369e-01 4.5942e-04 3.4130e-07 6.7499e-09 3.7653e-04 5.5781e-12 5.1919e-18 5.7743e-05 1.3012e-09 2.2518e-05 
2.3988e-04  962.31 4.7580e-08 1.4539e-01 1.3676e-31 1.5389e-23 2.3901e-21 1.2610e-12 8.5369e-01 4.5942e-04 3.4256e-07 4.7813e-09 3.7653e-04 4.6419e-12 3.0617e-18 5.7743e-05 1.0886e-09 2.2518e-05 
1.9953e-04  961.63 5.1156e-08 1.4539e-01 1.2989e-31 1.6178e-23 2.7492e-21 1.4755e-12 8.5369e-01 4.5942e-04 3.4363e-07 3.3744e-09 3.7653e-04 3.8626e-12 1.7987e-18 5.7743e-05 9.0986e-10 2.2518e-05 
1.6596e-04  961.07 5.5192e-08 1.4539e-01 1.2448e-31 1.7134e-23 3.1870e-21 1.7349e-12 8.5369e-01 4.5942e-04 3.4451e-07 2.3730e-09 3.7653e-04 3.2138e-12 1.0528e-18 5.7743e-05 7.5982e-10 2.2518e-05 
1.3804e-04  960.60 5.9699e-08 1.4539e-01 1.2011e-31 1.8247e-23 3.7160e-21 2.0471e-12 8.5369e-01 4.5942e-04 3.4525e-07 1.6645e-09 3.7653e-04 2.6739e-12 6.1452e-19 5.7743e-05 6.3412e-10 2.2518e-05 
1.1482e-04  960.22 6.4742e-08 1.4539e-01 1.1669e-31 1.9540e-23 4.3581e-21 2.4241e-12 8.5369e-01 4.5942e-04 3.4585e-07 1.1645e-09 3.7652e-04 2.2246e-12 3.5776e-19 5.7743e-05 5.2889e-10 2.2518e-05 
9.5499e-05  959.89 7.0314e-08 1.4539e-01 1.1379e-31 2.0991e-23 5.1282e-21 2.8764e-12 8.5369e-01 4.5942e-04 3.4637e-07 8.1338e-10 3.7652e-04 1.8506e-12 2.0792e-19 5.7744e-05 4.4093e-10 2.2518e-05 
7.9433e-05  959.63 7.6519e-08 1.4539e-01 1.1156e-31 2.2647e-23 6.0616e-21 3.4224e-12 8.5369e-01 4.5942e-04 3.4679e-07 5.6704e-10 3.7652e-04 1.5395e-12 1.2060e-19 5.7744e-05 3.6744e-10 2.2518e-05 
6.6069e-05  959.40 8.3344e-08 1.4539e-01 1.0962e-31 2.4479e-23 7.1790e-21 4.0771e-12 8.5369e-01 4.5942e-04 3.4715e-07 3.9494e-10 3.7652e-04 1.2807e-12 6.9882e-20 5.7744e-05 3.0612e-10 2.2518e-05 
5.4954e-05  959.22 9.0909e-08 1.4539e-01 1.0812e-31 2.6542e-23 8.5301e-21 4.8666e-12 8.5369e-01 4.5942e-04 3.4744e-07 2.7468e-10 3.7652e-04 1.0653e-12 4.0435e-20 5.7744e-05 2.5495e-10 2.2518e-05 
4.5709e-05  959.07 9.9246e-08 1.4539e-01 1.0689e-31 2.8832e-23 1.0155e-20 5.8159e-12 8.5369e-01 4.5942e-04 3.4768e-07 1.9088e-10 3.7652e-04 8.8620e-13 2.3375e-20 5.7744e-05 2.1229e-10 2.2518e-05 
3.8019e-05  958.94 1.0841e-07 1.4539e-01 1.0584e-31 3.1358e-23 1.2106e-20 6.9560e-12 8.5369e-01 4.5942e-04 3.4789e-07 1.3256e-10 3.7652e-04 7.3716e-13 1.3504e-20 5.7744e-05 1.7674e-10 2.2518e-05 
3.1623e-05  958.83 1.1849e-07 1.4539e-01 1.0495e-31 3.4149e-23 1.4450e-20 8.3262e-12 8.5369e-01 4.5942e-04 3.4806e-07 9.2005e-11 3.7652e-04 6.1319e-13 7.7970e-21 5.7744e-05 1.4712e-10 2.2518e-05 
2.6303e-05  958.75 1.2962e-07 1.4539e-01 1.0431e-31 3.7257e-23 1.7282e-20 9.9782e-12 8.5369e-01 4.5942e-04 3.4819e-07 6.3803e-11 3.7652e-04 5.1005e-13 4.4977e-21 5.7744e-05 1.2244e-10 2.2518e-05 
2.1878e-05  958.67 1.4180e-07 1.4539e-01 1.0368e-31 4.0648e-23 2.0669e-20 1.1958e-11 8.5369e-01 4.5942e-04 3.4832e-07 4.4245e-11 3.7652e-04 4.2427e-13 2.5945e-21 5.7744e-05 1.0190e-10 2.2518e-05 
1.8197e-05  958.61 1.5521e-07 1.4539e-01 1.0320e-31 4.4404e-23 2.4753e-20 1.4342e-11 8.5369e-01 4.5942e-04 3.4841e-07 3.0663e-11 3.7652e-04 3.5290e-13 1.4957e-21 5.7744e-05 8.4793e-11 2.2518e-05 
1.5136e-05  958.56 1.6993e-07 1.4539e-01 1.0281e-31 4.8536e-23 2.9661e-20 1.7209e-11 8.5369e-01 4.5942e-04 3.4849e-07 2.1246e-11 3.7652e-04 2.9354e-13 8.6204e-22 5.7744e-05 7.0555e-11 2.2518e-05 
1.2589e-05  958.52 1.8611e-07 1.4539e-01 1.0250e-31 5.3087e-23 3.5569e-20 2.0657e-11 8.5369e-01 4.5942e-04 3.4856e-07 1.4715e-11 3.7652e-04 2.4415e-13 4.9659e-22 5.7744e-05 5.8700e-11 2.2518e-05 
1.0471e-05  958.49 2.0389e-07 1.4539e-01 1.0226e-31 5.8100e-23 4.2680e-20 2.4806e-11 8.5369e-01 4.5942e-04 3.4861e-07 1.0189e-11 3.7652e-04 2.0308e-13 2.8601e-22 5.7744e-05 4.8834e-11 2.2518e-05 
8.7096e-06  958.46 2.2337e-07 1.4539e-01 1.0203e-31 6.3586e-23 5.1210e-20 2.9786e-11 8.5369e-01 4.5942e-04 3.4865e-07 7.0555e-12 3.7652e-04 1.6892e-13 1.6475e-22 5.7744e-05 4.0628e-11 2.2518e-05 
7.2444e-06  958.43 2.4470e-07 1.4539e-01 1.0179e-31 6.9590e-23 6.1447e-20 3.5768e-11 8.5369e-01 4.5942e-04 3.4870e-07 4.8856e-12 3.7652e-04 1.4051e-13 9.4890e-23 5.7744e-05 3.3801e-11 2.2518e-05 
6.0256e-06  958.41 2.6816e-07 1.4539e-01 1.0164e-31 7.6209e-23 7.3779e-20 4.2968e-11 8.5369e-01 4.5942e-04 3.4873e-07 3.3820e-12 3.7652e-04 1.1687e-13 5.4636e-23 5.7744e-05 2.8118e-11 2.2518e-05 
5.0119e-06  958.40 2.9394e-07 1.4539e-01 1.0156e-31 8.3509e-23 8.8644e-20 5.1638e-11 8.5369e-01 4.5942e-04 3.4875e-07 2.3405e-12 3.7652e-04 9.7208e-14 3.1450e-23 5.7744e-05 2.3389e-11 2.2518e-05 
4.1687e-06  958.38 3.2211e-07 1.4539e-01 1.0141e-31 9.1452e-23 1.0643e-19 6.2033e-11 8.5369e-01 4.5942e-04 3.4878e-07 1.6201e-12 3.7652e-04 8.0855e-14 1.8108e-23 5.7744e-05 1.9457e-11 2.2518e-05 
3.4674e-06  958.37 3.5309e-07 1.4539e-01 1.0133e-31 1.0021e-22 1.2788e-19 7.4550e-11 8.5369e-01 4.5941e-04 3.4880e-07 1.1212e-12 3.7652e-04 6.7253e-14 1.0424e-23 5.7744e-05 1.6185e-11 2.2518e-05 
2.8840e-06  958.36 3.8704e-07 1.4539e-01 1.0125e-31 1.0981e-22 1.5364e-19 8.9594e-11 8.5369e-01 4.5941e-04 3.4881e-07 7.7588e-13 3.7652e-04 5.5938e-14 5.9997e-24 5.7744e-05 1.3463e-11 2.2518e-05 
2.3988e-06  958.36 4.2438e-07 1.4539e-01 1.0125e-31 1.2041e-22 1.8472e-19 1.0772e-10 8.5369e-01 4.5941e-04 3.4881e-07 5.3678e-13 3.7652e-04 4.6527e-14 3.4524e-24 5.7744e-05 1.1198e-11 2.2518e-05 
